#LSD# 2048 1024 pano.pgm (width height input)
# FORMAT: x1, y1, x2, y2, width, p, -log10(NFA)
1905.531186 833.281494 1995.630590 839.291196 4.741257 0.125000 120.839660 
1559.339479 456.084493 1581.962306 455.067941 3.577884 0.125000 5.827184 
1695.597456 461.385369 1718.166670 460.115736 3.393041 0.125000 6.235070 
1049.194674 844.185510 1077.161363 848.940877 6.186480 0.125000 32.214126 
1736.935325 651.386810 1696.791116 654.565680 5.280419 0.125000 53.397796 
1177.512471 469.462141 1173.415774 558.196135 7.683401 0.125000 128.579364 
1103.081547 488.162360 1088.055006 470.685179 5.022482 0.125000 12.386817 
1608.107427 867.707623 1743.236292 862.018346 5.534773 0.125000 194.880976 
0.606438 840.350701 135.748864 831.205353 5.176190 0.125000 181.561808 
1695.693393 654.690060 1674.374855 655.621677 3.800997 0.125000 25.471104 
1744.299892 861.351814 1841.765159 847.359871 4.979622 0.125000 149.906555 
1087.071769 471.164208 1070.050007 466.452054 4.355975 0.125000 11.636477 
1511.798962 862.094290 1606.867795 867.014216 4.886953 0.125000 154.804391 
1610.849993 424.574994 1628.436212 404.790521 4.775120 0.125000 8.917948 
1077.935188 849.803753 1170.663074 860.288259 4.599986 0.125000 153.934764 
1588.077934 414.724813 1605.927539 417.126418 8.599792 0.125000 18.102893 
1171.803044 860.240675 1260.662825 863.262859 4.444756 0.125000 153.985921 
1665.775210 315.085451 1718.374450 329.728983 6.828308 0.125000 80.486859 
1765.689960 647.514319 1755.415011 648.558334 5.100747 0.125000 1.890420 
1170.698595 504.366935 1167.119814 471.711182 7.302192 0.125000 29.127566 
1788.225198 643.947575 1767.917468 646.421266 5.114459 0.125000 6.556349 
1651.889690 636.469655 1624.354539 636.948552 3.705959 0.125000 42.369226 
1279.368355 472.239251 1298.134913 472.581597 5.135963 0.125000 8.371666 
1717.811676 330.443742 1760.018498 305.834789 6.749984 0.125000 86.445849 
972.023025 399.049393 965.463045 399.495972 5.607681 0.125000 1.222714 
876.737990 253.647099 901.405410 291.364608 6.237078 0.125000 45.353366 
1645.603884 693.119809 1643.143044 703.129436 2.746295 0.125000 0.796335 
1068.059486 466.869437 1065.503399 496.970819 5.169945 0.125000 28.882348 
1564.400419 542.073535 1597.006097 537.898931 5.753243 0.125000 41.303277 
1744.478126 650.292651 1737.071664 651.124990 3.321940 0.062500 0.771518 
356.854546 830.301669 453.140407 832.426986 4.052517 0.125000 164.705348 
1024.141912 839.249872 1048.404253 844.277339 4.013909 0.125000 35.159953 
1433.114104 851.961387 1510.797171 861.760036 4.391334 0.125000 106.806586 
1425.908979 455.482647 1420.647712 444.987013 6.448277 0.125000 1.725607 
1842.324568 845.632474 1842.137623 825.610876 2.663284 0.125000 9.899782 
1842.896348 824.901454 1904.572579 832.839956 4.566300 0.125000 95.570976 
942.478310 382.864803 958.663440 420.392781 2.790630 0.125000 14.515462 
1065.218739 464.364452 1065.770111 443.128768 5.063205 0.125000 13.972299 
16.202621 388.356670 21.387429 375.429447 6.960988 0.125000 9.413113 
310.582573 826.163484 355.696465 829.717960 4.622052 0.125000 69.126527 
896.849757 856.552708 1021.963378 846.753370 5.111882 0.125000 167.814555 
1293.097157 862.729381 1393.217056 855.682994 4.322232 0.125000 158.088659 
1058.111098 503.469018 1045.631478 502.964697 2.851274 0.125000 0.386167 
1091.335975 431.420931 1109.794963 439.122421 9.809601 0.125000 24.830651 
1646.298940 663.315060 1653.893143 636.386592 4.318951 0.125000 20.175674 
1309.622941 556.824177 1308.544727 578.082890 3.573179 0.125000 14.029368 
1757.002543 663.840745 1838.342622 649.346250 4.336787 0.125000 119.547393 
1261.842780 862.742157 1291.905071 862.148963 3.847912 0.125000 45.773571 
1754.636489 649.324075 1742.615880 646.907908 9.071075 0.125000 13.478930 
1804.431056 640.945280 1789.240067 643.604054 3.109076 0.125000 8.146843 
1879.994224 690.369259 1835.468663 662.121426 5.890218 0.125000 88.124767 
1732.492137 568.073377 1726.936750 501.660711 4.873674 0.125000 69.209148 
1604.513743 418.502604 1612.765357 415.783569 5.936034 0.125000 3.828174 
1628.047472 636.883211 1574.348776 635.223410 4.443343 0.125000 63.676602 
1644.668333 670.705421 1646.555272 693.151878 5.296558 0.125000 18.613152 
1270.573167 349.258862 1280.772995 344.706599 6.094240 0.125000 2.120866 
1098.074230 505.757422 1100.589040 482.983001 4.832599 0.125000 21.708582 
1845.610958 653.050252 1749.466381 671.111448 3.596992 0.125000 73.417524 
1650.605683 669.999767 1700.635167 668.454092 3.579627 0.125000 53.175079 
1106.728482 484.369831 1106.152822 500.687718 4.732472 0.125000 8.817155 
1996.869429 838.924428 2046.884422 839.272970 2.848368 0.125000 64.012634 
1666.891421 554.730294 1689.401111 553.689945 3.919133 0.125000 26.132183 
1879.921688 402.884912 1895.533167 407.206725 12.305525 0.125000 2.099536 
405.618181 499.678705 604.352193 504.140799 4.228201 0.125000 405.330377 
1946.842083 621.302233 1993.099571 620.466882 4.999185 0.125000 86.289471 
136.795617 830.107152 203.209511 819.926300 4.012980 0.125000 112.591795 
1288.334711 579.627419 1290.791214 553.256925 5.295539 0.125000 16.859897 
1623.358934 591.993758 1621.578817 576.763517 7.078418 0.125000 2.345899 
1164.664212 548.055208 1167.561146 508.174842 4.374080 0.125000 45.380519 
1707.100180 669.767779 1751.774813 663.644098 4.733782 0.125000 55.903118 
1164.429359 474.390345 1120.618779 475.337135 4.998833 0.125000 76.744862 
1649.402548 678.671080 1743.166164 673.940978 3.515649 0.125000 66.104562 
1889.620096 391.279930 1883.593025 393.535460 9.214824 0.125000 1.583668 
1336.184595 565.603038 1335.665665 581.916057 5.076959 0.125000 1.669122 
855.613609 856.014049 895.639679 855.484464 2.995901 0.125000 64.012634 
1175.430304 568.420302 1171.588904 598.408594 6.834638 0.125000 40.684139 
1630.626203 622.516991 1679.376012 622.613470 1.346476 0.125000 30.598305 
1724.703212 500.571479 1801.986142 490.203452 6.420862 0.125000 137.772388 
1250.955816 360.358902 1273.664703 350.054774 16.337423 0.125000 96.542963 
1640.609679 710.619620 1631.697111 736.001461 4.366480 0.125000 18.613152 
1393.363914 854.890163 1432.081378 849.649780 3.716116 0.125000 55.680269 
966.733826 412.645989 974.654899 414.096396 6.598069 0.125000 0.877478 
1089.230307 453.594492 1074.504655 456.324388 6.462963 0.125000 3.755956 
1762.009477 671.330582 1845.812461 655.358586 3.279277 0.125000 54.433759 
1669.328479 727.317371 1725.607753 724.075578 3.697828 0.125000 98.114063 
896.239853 273.579093 881.703854 253.247359 5.084257 0.125000 25.492297 
231.888000 815.519822 312.980619 825.543105 6.370000 0.125000 149.275378 
1727.293568 744.738230 1786.753797 736.045905 8.715639 0.125000 118.699854 
1551.935169 760.534018 1587.079743 720.806122 3.276629 0.125000 32.214126 
1658.922895 645.893985 1653.365951 662.377627 5.935962 0.125000 4.758927 
1672.062520 683.141780 1670.378191 701.964768 5.091510 0.125000 4.088462 
1046.028808 500.976076 1050.420396 464.652518 7.145709 0.125000 64.772866 
1666.874940 675.351892 1650.624940 675.355486 1.253041 0.003906 9.050642 
1663.925452 662.231729 1666.605316 646.828081 5.889248 0.125000 18.482709 
1700.739379 317.544100 1669.707951 311.434032 5.128280 0.125000 33.893264 
1679.437997 615.519916 1624.246022 616.971702 8.647822 0.125000 95.285407 
1670.317559 702.943491 1667.663484 725.716892 3.145994 0.125000 26.985945 
1895.299737 406.345657 1908.058880 404.013293 3.913648 0.125000 3.828174 
205.493279 811.401014 231.626847 815.836949 3.697118 0.125000 38.783138 
1218.154014 346.812439 1230.349736 352.468527 8.825392 0.125000 12.690939 
1075.583636 668.279761 1101.890531 667.286226 5.279489 0.125000 45.405537 
1690.636901 669.788164 1709.400884 670.055024 3.891826 0.125000 31.501395 
1544.297534 644.166290 1626.805858 650.304408 4.028639 0.125000 95.724659 
906.825670 840.457508 915.554791 837.886615 5.098533 0.125000 1.339231 
1959.338736 462.800870 1955.957597 489.257758 5.090367 0.125000 16.555228 
1126.781569 494.091381 1166.890068 497.969146 5.897842 0.125000 54.889505 
1371.903537 576.830650 1371.178321 596.804319 3.974310 0.125000 6.005790 
1769.401698 718.242117 1842.112486 701.666777 4.641577 0.125000 99.930375 
1516.962657 639.624026 1476.674496 653.805385 2.971276 0.125000 23.899407 
1725.387056 723.923836 1768.271931 717.925476 3.765597 0.125000 69.286215 
111.136059 504.335905 115.545504 561.976705 4.488080 0.125000 101.584761 
979.944570 523.299682 981.156462 510.676021 3.971744 0.125000 9.022904 
1743.147369 670.951941 1666.997268 676.162053 3.038894 0.125000 43.060949 
1177.793705 600.574102 1177.390483 613.101358 3.949127 0.125000 2.487704 
1258.874261 579.540106 1257.661746 566.682922 4.508464 0.125000 1.079023 
1642.692146 704.204989 1640.398370 710.045028 3.361824 0.062500 0.495305 
1683.239099 619.718596 1696.745032 615.233618 3.169443 0.125000 2.061719 
916.406126 641.837179 917.073256 655.615401 2.980700 0.125000 2.903007 
1313.302314 599.339386 1315.812546 611.837331 3.922723 0.125000 0.877478 
1590.698432 545.380542 1575.596403 546.483401 2.948568 0.125000 11.633415 
1597.958870 550.634482 1600.531076 595.701704 3.208215 0.125000 35.159481 
1090.267394 478.071934 1088.761572 488.219463 5.129324 0.125000 1.095887 
1090.348047 468.182129 1113.122429 470.648734 7.725586 0.125000 34.276669 
1694.305350 759.957926 1730.551748 756.173422 4.064315 0.125000 49.748885 
1991.881168 611.711786 1951.868268 611.938872 5.035390 0.125000 31.735402 
699.263826 657.072532 720.210409 668.861635 4.357286 0.125000 16.340649 
1660.631302 747.387750 1689.379201 747.633480 6.410037 0.125000 31.555516 
1631.912215 575.525013 1666.916010 574.392262 4.273626 0.125000 27.615309 
1855.964794 716.627187 1884.050497 707.104654 7.422969 0.125000 82.196484 
263.185692 433.463222 208.163001 443.336767 3.943943 0.125000 84.789993 
1671.924406 574.242713 1713.204257 572.418031 4.663925 0.125000 28.925178 
1925.727669 684.069751 1907.739997 678.019663 4.771244 0.125000 11.160423 
626.608089 832.155540 649.713340 836.184870 5.727583 0.125000 20.667559 
925.548490 290.021585 953.156246 288.881925 7.287391 0.125000 43.019065 
1510.703570 649.068251 1535.634710 646.991573 3.113940 0.125000 15.664401 
1562.683035 551.836117 1564.972147 599.406416 3.158004 0.125000 47.099377 
1520.403356 613.123947 1520.522140 588.124511 6.344958 0.125000 51.344966 
1691.181403 749.313339 1692.291330 759.328862 3.310886 0.125000 2.199180 
1674.401283 576.189255 1665.554028 576.601364 2.846267 0.062500 0.521528 
1676.111619 586.868594 1676.195528 576.869298 5.020802 0.125000 0.877478 
1697.558657 505.564676 1699.000738 521.908024 4.284831 0.125000 5.203377 
1910.626327 599.323662 1929.363805 599.808046 5.030633 0.125000 16.978593 
1526.109189 584.406014 1527.223130 611.911525 4.894740 0.125000 25.910872 
1153.221503 547.499815 1165.807517 549.442590 3.882168 0.125000 0.681697 
1491.815596 596.763761 1475.535618 605.457626 3.019158 0.125000 4.662531 
1221.852339 590.411396 1226.240190 564.268453 4.310307 0.125000 18.931026 
1995.644956 638.077979 1949.366219 638.845702 4.709043 0.125000 88.818749 
1816.478155 479.321630 1958.658335 464.486483 9.751950 0.125000 388.612298 
680.629891 708.146052 646.679691 716.034421 8.240056 0.125000 47.524351 
966.804610 507.507291 1000.416365 511.249114 6.628922 0.125000 40.796602 
1055.837666 560.454478 1060.955418 491.806445 5.729606 0.125000 120.832991 
1119.206453 665.190414 1162.028180 660.906000 5.847571 0.125000 76.379344 
1671.858599 505.067315 1695.661535 504.367283 4.226077 0.125000 30.206549 
1370.650155 595.628556 1368.695693 609.455667 2.838348 0.125000 8.021055 
1701.216503 580.558321 1702.623613 593.040610 2.764313 0.125000 0.309775 
1000.392917 513.075749 999.601793 536.882537 4.163090 0.125000 18.504275 
1102.185332 667.852536 1118.467600 665.584154 10.218616 0.125000 30.931423 
1641.052257 583.146086 1640.310742 598.171181 3.051494 0.125000 9.899782 
1776.911073 673.240136 1746.383061 682.804864 7.443561 0.125000 54.889505 
1076.099579 462.595496 1090.135522 468.118860 6.731350 0.125000 13.453599 
1102.373681 410.361576 1097.239205 425.005771 15.457068 0.125000 1.312353 
1057.557696 634.028913 1074.746853 667.936492 6.294589 0.125000 64.554245 
1605.712042 560.606653 1609.854840 580.260368 4.892489 0.125000 12.426573 
269.418483 326.998116 217.964695 345.171122 4.097655 0.125000 48.950607 
1224.267358 442.015030 1217.318863 436.673698 6.020338 0.125000 2.311541 
1944.362139 643.189387 1996.896636 642.619495 3.790457 0.125000 96.280351 
0.598631 637.905949 63.244145 630.364753 4.424216 0.125000 72.905181 
111.317425 556.920096 107.174996 505.701834 3.765142 0.125000 78.824781 
1750.746904 303.364659 1728.325584 314.769343 6.195319 0.125000 45.460087 
1835.125015 663.020539 1777.306018 674.120207 7.562590 0.125000 199.677769 
83.119300 502.721986 110.649153 502.332594 3.838018 0.125000 16.811158 
1786.144052 735.056786 1857.794416 717.987348 10.471832 0.125000 235.469773 
1841.219756 701.252313 1876.682468 690.017284 4.211808 0.125000 54.918072 
64.264895 630.080956 106.079044 621.618490 4.360951 0.125000 34.534637 
878.573279 565.666335 885.026067 495.685033 4.175473 0.125000 108.091887 
1135.544176 620.130026 1108.161944 624.601249 5.362533 0.125000 27.377231 
1225.557737 583.021894 1240.725496 583.911458 4.107347 0.125000 2.120866 
1695.624101 613.118151 1680.394288 615.118164 4.369099 0.125000 5.510559 
677.547795 644.027980 693.622008 654.302981 4.212843 0.125000 2.861939 
1174.740281 652.513216 1163.695876 645.918878 4.965538 0.062500 4.956770 
1910.750891 616.720961 1912.959660 600.602343 5.072914 0.125000 2.052062 
1590.098271 722.510592 1554.468404 763.055549 3.983502 0.125000 60.506886 
1997.907146 641.700138 2046.942717 637.706441 4.910262 0.125000 64.185582 
1077.052990 471.819762 1075.764900 496.817799 3.873680 0.125000 0.293368 
1608.445522 628.103203 1605.212839 580.568022 4.589476 0.125000 68.404309 
1958.416309 490.544190 1957.975739 509.400718 7.731533 0.125000 10.311502 
1896.747849 659.541046 1893.259426 630.608792 5.562573 0.125000 20.912740 
1745.339872 680.018183 1674.146850 683.638619 11.489422 0.125000 235.527179 
2004.480223 600.667585 2008.661469 590.336224 5.103755 0.125000 0.549695 
1079.473505 485.689219 1086.484361 474.935245 6.236487 0.125000 8.335090 
1721.882977 579.543670 1703.115836 580.431227 3.509612 0.125000 8.930644 
1162.418807 660.614509 1177.928739 657.226530 4.730649 0.125000 10.957046 
39.333997 590.432965 40.944817 600.574201 3.703571 0.125000 1.160011 
46.591128 568.671187 52.824679 586.177044 5.629287 0.125000 17.707339 
934.952010 544.432421 936.811876 525.743112 2.611494 0.125000 10.184322 
1701.916279 471.652588 1553.108017 467.480804 5.220136 0.125000 211.222737 
1701.872851 593.993685 1720.629301 593.887962 2.584508 0.125000 5.439020 
1641.542536 700.570934 1640.070167 675.584037 3.304496 0.125000 26.669570 
1004.281083 539.298760 1006.056216 508.007639 4.354790 0.125000 40.295287 
1148.001195 523.903210 1157.067243 545.544465 4.829862 0.125000 17.591635 
1569.314077 553.071679 1595.681754 551.839146 2.753681 0.125000 25.352476 
208.031485 443.960681 119.940770 463.843528 7.820741 0.125000 183.353890 
1569.482322 599.303483 1567.110916 554.296707 3.350178 0.125000 38.280511 
1372.481033 641.860399 1372.934285 621.870676 2.556029 0.125000 3.828174 
85.112272 483.217625 96.249149 478.283885 5.584096 0.125000 2.886323 
1617.479043 407.099411 1611.128165 388.818719 13.038371 0.125000 3.219039 
1782.705008 449.170432 1702.864708 472.223525 3.890665 0.125000 128.945361 
450.697738 832.128093 543.162675 827.653532 3.323060 0.125000 94.696339 
1322.225900 511.843732 1321.616521 529.366011 2.976390 0.125000 15.175764 
1004.455979 504.459076 956.838410 501.151818 4.433864 0.125000 73.360034 
962.871693 506.753741 962.162384 515.547354 3.838361 0.125000 0.309775 
1033.061381 529.339637 1048.115882 529.728236 5.288632 0.125000 12.918663 
51.718684 587.953916 41.702379 589.055684 3.720023 0.125000 2.042418 
1542.289773 599.351684 1541.589308 586.891060 2.987159 0.125000 0.386167 
1721.779112 594.391372 1723.716416 605.737451 2.470500 0.125000 0.796335 
1573.190978 634.914670 1530.594058 630.958130 4.543173 0.125000 31.699739 
230.243475 337.110850 268.449533 322.737656 4.111695 0.125000 62.859099 
511.910366 642.390868 403.111770 637.149628 5.850818 0.125000 176.966225 
1110.474726 471.934863 1156.856737 469.078454 5.930842 0.125000 55.185572 
1569.117833 435.470230 1551.762765 464.307454 2.350327 0.125000 3.738201 
1855.482932 769.374984 1855.487492 729.374984 2.503990 0.125000 21.078305 
1110.799283 623.346528 1099.245592 621.388659 3.697290 0.125000 2.903007 
1698.121329 523.069951 1673.066031 524.740642 4.988921 0.125000 21.194804 
740.498345 850.473890 856.747361 856.742156 4.527766 0.125000 120.696307 
801.603105 479.668517 840.468270 486.514736 4.560549 0.125000 58.949075 
1086.872869 609.151632 1069.372944 609.115302 2.528539 0.125000 6.629679 
660.581845 510.274517 771.887364 512.509154 5.852076 0.125000 294.377874 
1125.724969 656.533193 1081.895308 658.563414 5.341678 0.125000 59.768690 
1529.379576 644.424362 1513.038259 645.939400 2.489324 0.125000 6.629679 
41.740796 601.800040 71.812115 598.754149 4.470681 0.125000 25.910872 
1159.301786 653.563728 1140.619754 654.227290 5.263072 0.125000 25.046196 
1276.544622 591.082061 1264.118508 596.259392 6.730771 0.125000 0.597213 
2047.040599 632.749444 1998.003931 636.571828 4.482539 0.125000 77.612237 
175.011734 625.705433 173.336597 612.933303 5.445200 0.125000 5.739950 
1283.172751 338.245841 1260.293701 347.286596 4.434507 0.125000 4.739508 
1899.156764 679.747876 1877.879356 667.294705 6.025452 0.125000 23.007245 
653.007166 676.283938 678.098903 680.770937 4.351560 0.125000 8.317803 
1448.480496 604.431802 1447.996109 596.803808 4.059330 0.125000 0.432253 
187.624920 635.632657 187.394719 620.597903 5.037688 0.125000 15.706368 
888.368100 498.148068 882.669694 558.200409 3.378982 0.125000 66.627398 
1062.238499 546.800094 1063.109773 565.567676 4.035806 0.125000 19.092280 
95.525735 479.153592 94.459637 491.669257 6.864001 0.125000 4.223543 
878.824114 496.703188 872.138404 566.780875 3.737392 0.125000 114.253383 
1661.873553 593.983548 1690.625578 594.032023 3.792144 0.125000 30.110344 
1066.453393 565.607218 1067.190169 548.138293 3.024516 0.125000 12.534851 
1375.348950 621.550482 1385.814890 622.878519 4.645521 0.125000 6.299569 
926.015107 560.208622 923.500187 572.952359 4.663377 0.125000 2.362456 
419.299862 632.515584 514.398047 636.295111 4.755867 0.125000 164.844447 
1686.880766 569.535044 1671.855234 570.076397 1.789272 0.125000 0.796335 
2032.308067 389.574146 2043.498388 394.185788 9.995063 0.125000 13.128181 
1417.210617 444.718303 1411.515515 450.285907 5.302961 0.125000 5.524104 
1056.883476 605.227505 1084.368331 604.954247 3.849231 0.125000 6.838527 
1101.206923 455.237106 1089.185634 452.814763 7.361438 0.125000 11.160423 
1163.463273 645.903697 1145.613646 633.140880 6.395875 0.125000 23.738776 
1195.598539 611.448840 1205.637450 610.825510 4.912924 0.125000 5.439073 
1453.510489 526.731430 1451.867559 508.015923 1.860634 0.125000 2.602515 
9.591413 598.197311 10.461669 610.636427 4.638855 0.031250 2.863853 
175.401715 648.093617 174.790958 628.112286 5.865181 0.125000 26.794423 
885.296028 494.901172 900.470047 497.711615 5.053165 0.125000 7.548049 
1084.873404 604.965417 1077.388957 579.592113 6.288029 0.125000 39.072404 
1931.827872 699.385833 1928.785169 686.148605 5.251091 0.125000 0.766096 
937.703788 515.584874 938.895125 503.079285 2.488733 0.125000 0.432253 
845.380874 579.467588 853.554927 490.664573 5.864386 0.125000 192.802212 
925.240569 659.321506 914.618083 735.658825 4.327386 0.125000 119.130759 
1067.091186 499.463486 1064.446784 543.280211 6.916369 0.125000 128.950897 
1533.094621 565.011230 1560.650852 563.647292 2.991303 0.125000 17.388641 
656.808913 838.604816 739.462600 849.988985 3.707829 0.125000 102.446913 
1354.485727 591.175500 1344.874567 593.108685 3.551328 0.125000 0.432253 
1622.857788 610.716254 1624.615937 591.781306 3.502803 0.125000 21.776988 
689.353639 705.656168 712.507984 721.525278 5.537648 0.125000 21.458256 
1267.358472 611.368387 1276.918446 596.903714 5.585689 0.125000 7.914690 
1531.530589 584.382846 1530.932289 558.118000 5.311840 0.125000 12.810166 
180.633353 614.493020 182.290255 649.473746 5.296739 0.125000 71.378194 
1030.987834 543.345538 1033.047163 528.285281 4.731516 0.125000 4.692429 
1605.449952 579.392271 1603.593764 560.578751 2.365188 0.125000 3.746421 
1610.850661 578.265315 1612.387183 603.170519 8.810367 0.125000 21.605719 
1650.385750 521.907455 1653.950077 548.182642 2.309282 0.125000 15.175764 
435.519812 830.418634 395.547908 826.389879 2.602929 0.125000 16.912169 
1230.519163 603.695152 1238.221682 602.496043 5.325052 0.062500 1.440867 
93.085669 621.565120 0.490773 633.317442 6.100068 0.125000 125.353088 
510.707296 635.954141 590.620546 631.789530 4.277626 0.125000 137.590182 
1318.178428 611.973628 1340.668921 611.511226 6.325763 0.125000 22.464352 
1644.578337 626.385737 1654.434461 630.481926 3.561981 0.125000 1.175318 
104.964498 247.535032 136.510653 215.268784 6.930988 0.125000 72.728334 
1551.870606 467.934168 1456.834645 470.122180 4.452024 0.125000 201.337943 
594.389080 637.110174 513.056421 641.979526 5.110144 0.125000 150.459652 
854.187236 489.100270 875.838011 493.268597 4.581770 0.125000 25.019951 
902.417369 292.657439 932.223232 287.732514 7.389062 0.125000 30.346194 
1012.779701 501.839525 996.203416 663.184425 5.169666 0.125000 205.582851 
1092.711174 618.398310 1086.594002 609.136143 4.861067 0.125000 0.549695 
194.497874 620.778606 195.538360 636.880599 6.156387 0.125000 25.014046 
2027.918301 511.705801 2025.879411 529.259360 3.436515 0.125000 1.583668 
1099.570213 656.941824 1086.011875 646.081482 8.780453 0.125000 16.975026 
1383.116993 714.374698 1382.362107 734.393368 2.875048 0.125000 7.177781 
1610.367511 399.783744 1602.845548 396.213816 6.124945 0.125000 2.311541 
1708.070383 568.428247 1694.365991 569.218834 1.967836 0.031250 0.198503 
994.791631 570.649976 996.891197 535.625971 2.645118 0.125000 25.904438 
1899.424678 678.120606 1897.879230 660.646737 2.964549 0.125000 2.487704 
2009.112155 506.249819 2021.351870 501.103871 5.093664 0.125000 6.097726 
82.465267 508.070982 86.126614 548.079095 2.489597 0.125000 21.078305 
1622.907578 673.822919 1590.490610 721.784166 3.049518 0.125000 52.341355 
1631.872269 611.705064 1675.631056 611.001794 2.479590 0.125000 30.961637 
1142.529949 607.277041 1135.588412 618.585227 5.326508 0.125000 22.670562 
1891.584952 630.379262 1905.961676 613.410244 5.497109 0.125000 17.073532 
920.148914 573.212828 921.845438 558.263501 3.303228 0.125000 3.828174 
1648.307930 734.680710 1659.109437 684.051661 4.009853 0.125000 63.480488 
1140.615695 655.297948 1126.805745 655.690860 8.710911 0.125000 21.745225 
1672.291335 524.336884 1670.568218 505.515758 3.506455 0.125000 19.588032 
1166.109003 500.542767 1163.825247 521.815982 2.752568 0.125000 1.583668 
1601.727784 597.305007 1570.546597 599.522585 5.248026 0.125000 23.683840 
1610.659668 628.707247 1636.903825 630.069787 3.144738 0.125000 22.649459 
961.442403 561.834263 966.386757 509.329023 3.192143 0.125000 54.711049 
1070.773606 837.279604 1059.390890 838.301925 6.224944 0.125000 1.942848 
1277.067518 580.618835 1290.689144 582.706468 4.464170 0.125000 2.362456 
709.387232 728.105183 689.664330 715.931394 7.445833 0.125000 21.858742 
1246.677789 607.404753 1266.982519 609.654684 5.523641 0.125000 37.122574 
1877.423672 814.218838 1866.417695 819.708104 5.590167 0.125000 2.120866 
1501.896249 598.424348 1490.614364 599.225167 3.652083 0.125000 2.042418 
1510.398639 646.374924 1474.208257 662.756631 3.608273 0.125000 42.839297 
1529.375715 608.134194 1604.408225 602.302486 3.086599 0.125000 68.846057 
1570.642749 583.371534 1596.936450 581.478542 1.695575 0.125000 8.021055 
1613.765013 606.525036 1611.592440 618.071835 4.682642 0.125000 9.754432 
189.210389 655.634689 188.037289 635.703735 4.917916 0.125000 31.372784 
1256.692796 566.747272 1265.062522 558.783825 5.433537 0.125000 2.619006 
1279.378908 486.853920 1239.139631 479.394715 8.831263 0.125000 128.416985 
1736.884464 621.016547 1716.865946 621.500431 1.642312 0.125000 2.903007 
16.863913 610.482258 26.900452 609.702675 3.641937 0.125000 3.083898 
1125.347309 628.490162 1141.063704 640.441849 4.259897 0.125000 3.597798 
83.545168 550.589449 80.263084 511.799857 3.104314 0.125000 38.655082 
857.770674 493.203012 851.122908 569.527241 4.270009 0.125000 120.780401 
1651.574118 548.165936 1648.166471 523.119358 2.249667 0.125000 14.636981 
207.014204 347.194770 232.148469 336.253195 3.141832 0.125000 31.616272 
1376.184560 544.293465 1372.476201 575.695996 2.345524 0.125000 24.458315 
1559.064761 776.605459 1586.984488 744.470125 3.573529 0.125000 43.785395 
1997.933307 593.105987 1997.388744 634.398260 4.062862 0.125000 27.699289 
1054.871066 593.275035 1052.574719 581.735754 5.141698 0.125000 3.701374 
1646.815976 595.626577 1646.547138 585.566951 4.373215 0.125000 3.780805 
1676.868264 611.732428 1710.602014 610.138524 2.438218 0.125000 24.592768 
1243.151044 483.012552 1182.633737 468.996066 11.434398 0.125000 196.320370 
1369.596421 579.400409 1373.751016 543.196839 2.442956 0.125000 31.106204 
1410.898787 563.127058 1411.265201 514.379812 2.669049 0.125000 49.801259 
1764.460124 464.745605 1711.863837 476.826400 8.067264 0.125000 102.167772 
8.554057 386.283704 10.102538 377.586849 6.810578 0.125000 15.175764 
842.674876 489.224741 834.595116 580.644454 4.540397 0.125000 183.452688 
1640.674818 661.887083 1644.319268 646.861482 2.983621 0.125000 2.061719 
1696.540435 543.062070 1700.756112 520.649662 2.383795 0.125000 3.952591 
998.166178 526.360726 980.877107 524.976397 7.675609 0.125000 33.703409 
999.056171 564.349199 1000.873238 541.895088 1.447577 0.125000 1.699425 
1534.363699 585.368765 1561.920357 584.153411 2.056962 0.125000 15.528534 
194.798268 640.562755 197.603065 659.635576 6.037990 0.125000 14.039728 
1808.968233 642.283053 1798.975875 632.275424 3.795091 0.062500 2.136187 
172.956314 629.756754 163.203528 625.447282 3.297137 0.125000 1.175318 
226.379854 347.959706 269.700011 332.803990 7.433569 0.125000 73.545498 
1186.053265 821.173549 1197.571492 823.701335 7.861559 0.125000 3.046320 
1529.253739 762.263121 1461.352124 741.048575 3.954787 0.125000 67.688653 
1703.016581 520.605014 1698.659042 544.243017 2.039512 0.125000 13.439595 
114.317594 565.282014 83.455978 552.335991 7.399671 0.125000 47.949854 
1241.723395 584.016742 1250.623232 584.414549 4.770497 0.125000 1.222714 
1569.373345 563.105266 1596.889430 560.797020 2.804726 0.125000 21.084414 
112.893843 401.276892 128.466419 395.258406 3.954761 0.125000 5.296173 
220.628285 445.649206 279.315224 437.684545 2.707324 0.125000 47.193691 
1067.647512 578.183334 1065.756233 603.229300 5.079928 0.125000 37.748787 
1311.773602 573.992927 1331.847281 574.953974 3.626157 0.125000 3.447103 
1415.981938 554.373976 1415.910187 529.374181 1.303808 0.125000 2.602515 
1449.354482 594.659254 1469.372004 594.233969 6.328243 0.125000 21.194804 
1859.655401 794.498280 1796.006683 807.494310 5.296585 0.125000 76.823975 
1862.817079 730.568823 1865.731512 779.443187 3.462854 0.125000 58.990100 
121.715566 523.064471 120.605082 503.056727 3.674965 0.125000 14.817886 
1533.111528 536.553894 1558.172303 535.502489 3.641911 0.125000 27.004321 
2011.575061 645.566158 2012.273943 656.850292 3.113384 0.125000 8.021055 
93.093986 493.981270 85.542379 494.576116 4.131058 0.031250 2.678156 
960.721906 516.981911 952.959783 516.323873 4.264550 0.125000 2.199180 
1113.532359 499.212962 1112.079718 484.354985 6.706864 0.125000 7.045754 
1343.176891 740.625570 1343.341779 725.613651 2.623410 0.125000 2.910950 
1465.495982 588.541205 1495.702035 590.880136 7.381115 0.125000 32.891094 
1720.668615 601.285692 1675.617390 604.259727 3.317960 0.125000 35.159481 
598.130180 511.586483 411.872896 508.242199 7.671452 0.125000 395.777575 
1529.359674 550.217228 1561.860744 548.995687 2.310446 0.125000 24.458315 
2005.132004 614.419267 2003.887251 600.556556 4.182132 0.125000 4.293068 
600.620537 683.916047 623.126873 684.043023 5.049285 0.125000 12.536644 
1622.472043 656.990317 1625.116636 671.964781 3.766268 0.125000 2.688256 
901.745906 500.612737 896.288135 558.069254 3.079822 0.125000 62.478769 
1073.338179 542.635328 1093.869121 514.926356 11.011449 0.125000 83.792201 
1553.926305 768.985253 1595.263082 721.396408 3.871071 0.125000 67.239065 
124.594041 501.956969 126.379572 524.414390 4.035418 0.125000 16.978593 
1044.404997 540.189497 1034.366523 539.498066 4.084713 0.062500 0.959398 
1405.707926 692.114320 1460.612703 673.089512 4.045918 0.125000 70.494640 
1872.584639 802.770498 1877.580617 812.771390 3.648787 0.125000 5.311785 
1895.271184 697.537954 1880.934797 689.886682 2.498235 0.031250 2.036451 
918.470219 729.568108 910.291807 744.188619 3.402320 0.125000 4.924926 
1443.310900 668.918257 1421.501072 674.029409 5.799923 0.125000 23.545699 
1866.397559 779.842034 1872.492062 802.384074 4.697026 0.125000 16.032648 
9.777383 651.950275 8.666191 639.437948 3.845874 0.125000 2.996067 
102.813984 680.654571 97.586705 625.676180 4.210587 0.125000 68.142449 
909.584379 719.406606 912.988703 696.854426 3.031727 0.125000 23.373585 
1330.022627 761.520824 1319.991719 707.776593 4.521636 0.125000 78.688965 
1867.936096 813.191049 1861.413623 794.536317 5.247839 0.125000 14.768775 
337.988676 262.397586 361.838081 257.928003 2.457221 0.125000 12.356940 
691.653346 659.195141 702.483267 661.438302 6.880678 0.125000 1.082174 
1803.071778 489.793489 1814.612040 491.261153 5.117750 0.125000 2.118719 
280.567644 440.210611 220.507154 448.523575 2.801956 0.125000 63.565792 
791.895986 593.345596 801.750842 480.723515 7.284496 0.125000 275.083505 
1164.326294 525.810834 1150.592098 525.344946 2.922341 0.125000 11.633415 
1859.770060 786.465203 1851.096785 777.639800 2.736074 0.125000 0.432253 
1093.251413 724.856309 1068.109115 720.721591 3.919523 0.125000 15.327373 
1226.134681 563.194940 1229.066095 541.832611 2.525626 0.125000 15.245775 
1478.253583 655.980825 1500.551981 647.922937 1.827506 0.125000 5.742301 
844.619850 631.382247 889.339985 598.077983 8.276176 0.125000 93.620885 
1045.806083 607.194521 1047.845015 598.062487 4.477037 0.125000 3.722333 
1731.717735 657.179076 1764.556945 651.719366 4.525326 0.125000 26.309726 
2001.914986 498.441289 1982.993321 500.833422 4.347510 0.125000 19.075773 
351.858551 770.708623 380.484445 776.339541 2.231926 0.125000 8.930644 
906.775490 493.459410 1010.587044 499.979338 5.936493 0.125000 209.874708 
2018.065826 514.310870 2018.942024 530.581001 3.811793 0.125000 2.362456 
78.376851 469.486906 79.984422 501.782444 5.553115 0.125000 45.236232 
1099.336749 587.174106 1118.099606 589.573568 2.479805 0.125000 2.166363 
2002.079313 537.994390 1997.020579 530.081016 4.886032 0.125000 0.514858 
887.136919 596.395995 899.485718 592.200915 6.297257 0.125000 3.291119 
931.433700 277.280507 949.797813 267.684114 8.632476 0.125000 2.548956 
1231.576042 543.087126 1227.912328 572.006417 2.777642 0.125000 24.592768 
1350.490603 718.202871 1357.483767 730.272273 4.609371 0.125000 2.619006 
739.909383 611.860773 653.359737 630.466919 6.647656 0.125000 139.068735 
1065.758879 441.822534 1035.439350 443.481000 15.933424 0.125000 115.744162 
1084.788857 646.608006 1075.586343 632.343521 4.879173 0.125000 8.041163 
1296.440837 529.394575 1296.801261 514.373231 2.799121 0.125000 4.651885 
1675.544603 663.669386 1730.823926 657.370891 3.379647 0.125000 65.780324 
515.217712 823.061478 486.811386 813.310315 3.582102 0.125000 19.302921 
775.582505 515.405860 768.031903 603.009237 6.656275 0.125000 170.945139 
1171.932246 462.453628 1129.209472 461.180741 11.356688 0.125000 112.244395 
2026.953075 578.271359 2043.222105 577.361702 3.953500 0.125000 14.967540 
837.027718 489.665106 806.798525 484.855678 3.591313 0.125000 30.110344 
1458.156089 468.507577 1294.168464 481.833366 6.080658 0.125000 323.702203 
1501.860642 631.812519 1519.574248 627.742082 4.774522 0.125000 2.052062 
575.481135 813.502851 589.568575 818.866591 2.336380 0.125000 1.175318 
1091.882558 632.477131 1126.861573 632.334401 7.515239 0.125000 48.792823 
68.354235 603.516575 40.524157 607.402854 3.139629 0.125000 17.542552 
404.350331 824.628185 428.118280 826.943966 2.488217 0.125000 8.019872 
766.877547 517.914528 668.096630 516.718927 6.688264 0.125000 269.972802 
936.984635 500.870217 919.286173 498.939078 5.241673 0.125000 17.139185 
1625.623690 655.708820 1640.625075 655.691967 2.514042 0.125000 3.083898 
28.372267 639.348018 34.256838 693.274297 3.885708 0.125000 53.822338 
317.011294 806.377683 335.725964 811.506596 2.625469 0.125000 0.877478 
897.907340 590.719797 906.744967 494.477843 5.157375 0.125000 161.381203 
990.812144 663.292769 1005.265885 539.479000 4.058262 0.125000 125.724506 
1460.673054 740.520249 1403.780377 714.421205 3.637277 0.125000 74.232019 
1969.356743 472.863623 2038.294269 468.048310 5.336250 0.125000 174.315438 
264.505958 776.535027 279.664279 782.374018 2.868540 0.125000 2.903007 
567.999761 824.471908 588.169127 822.281278 3.053221 0.125000 18.858135 
712.545172 719.967484 746.667995 707.555888 5.231984 0.125000 64.043302 
1350.481469 686.901941 1355.411050 713.165158 3.836761 0.125000 31.068991 
1564.355198 839.251015 1549.338951 841.649286 3.308786 0.125000 2.166363 
336.721832 786.428675 385.372340 795.700710 3.857115 0.125000 50.418509 
1444.604307 716.383416 1538.466282 745.785507 6.898610 0.125000 163.120250 
1699.357028 739.378970 1725.619594 739.000181 3.947908 0.125000 13.205127 
2021.773027 501.570798 2034.452888 519.696051 4.813521 0.125000 11.961662 
2038.522656 468.195341 2046.462852 564.409013 3.918795 0.125000 132.756949 
104.874764 620.874202 108.964497 674.214794 10.361108 0.125000 166.098859 
429.350079 823.347406 404.383415 820.549897 3.041217 0.125000 3.291119 
1080.643389 493.129867 1083.362402 482.856987 4.264839 0.125000 4.579908 
1208.256866 605.987411 1223.055660 604.777136 8.618997 0.125000 9.957574 
1447.627608 672.837219 1408.323561 686.208652 4.282181 0.125000 55.585267 
1454.127888 669.918986 1447.780467 672.140650 6.784022 0.062500 0.959398 
299.243576 775.964895 278.234605 767.841534 5.114325 0.125000 10.491637 
689.733864 716.959142 680.187924 703.785917 7.540047 0.125000 3.801146 
934.107478 549.346875 929.373668 594.374860 2.352469 0.125000 28.425991 
1256.880169 596.827723 1227.929574 593.662402 3.340067 0.125000 11.138149 
1486.909631 842.144016 1469.220039 844.421265 5.278277 0.125000 10.876412 
1531.871688 554.246452 1560.634801 553.505417 1.764682 0.125000 16.420384 
1739.160243 632.701007 1779.367308 643.154587 2.419560 0.125000 15.907373 
876.869257 834.392437 889.260178 838.473614 4.749035 0.125000 7.384560 
1169.509721 690.434332 1181.381888 698.822891 3.783957 0.125000 3.297372 
1260.537435 571.803980 1275.732136 572.932520 3.369360 0.125000 3.130755 
1334.909738 732.977148 1338.065706 744.391394 3.614386 0.125000 1.222714 
1595.661809 719.402009 1600.988860 712.141983 2.755089 0.031250 2.656256 
1088.128345 642.709162 1105.628064 642.638990 2.550104 0.125000 6.629679 
1124.332705 524.028018 1145.653027 525.026594 3.804376 0.125000 21.780349 
1139.727747 525.916547 1150.178266 543.392150 3.660383 0.125000 10.141762 
666.839521 622.974376 764.514473 599.967119 6.023734 0.125000 199.500821 
914.214073 423.260307 851.620866 362.105707 4.778734 0.125000 110.962344 
1412.031034 631.311981 1428.087108 635.761725 4.818384 0.125000 11.123255 
1459.367556 636.971759 1474.279289 638.119021 3.834838 0.125000 1.332400 
1653.128820 604.274014 1638.103036 603.705682 3.983550 0.125000 2.362456 
873.198309 496.481941 859.234636 493.877586 3.228062 0.125000 5.524104 
1120.582225 587.209323 1099.359774 584.494001 2.321146 0.125000 4.591819 
1640.101812 722.087311 1650.742868 685.659431 2.197594 0.125000 19.914288 
1693.414182 587.863779 1674.336639 590.328019 5.759461 0.125000 9.868312 
936.940025 524.895371 960.786268 521.915560 4.341439 0.125000 21.902429 
1948.130115 608.547755 1995.653405 607.972792 3.613627 0.125000 36.608003 
109.458336 416.870023 108.705506 404.265668 3.594275 0.125000 10.730325 
122.790472 464.194509 117.668784 402.746277 9.861861 0.125000 193.100832 
471.776356 810.896184 517.842119 827.652677 3.734023 0.125000 37.936072 
1790.527149 646.428762 1805.623556 643.118415 2.174240 0.125000 2.199180 
1961.833067 598.529023 1978.228663 597.716330 6.613639 0.125000 17.707339 
127.117605 344.450145 61.863179 400.403426 5.564654 0.125000 147.813423 
361.961093 800.434044 346.216511 793.335538 5.071915 0.125000 3.495801 
1421.815162 674.683278 1412.681398 672.910368 6.886211 0.125000 4.497339 
1461.845358 624.566981 1500.824116 630.585413 3.896827 0.125000 44.622385 
105.624657 506.133680 84.374667 506.119365 1.264315 0.031250 7.720025 
136.069730 375.066337 118.004415 386.687549 2.926260 0.125000 3.144722 
385.550981 792.256993 335.492810 782.557202 3.643298 0.125000 34.040654 
379.351367 773.246044 351.920787 767.890482 3.651312 0.125000 6.631937 
974.905301 510.561191 973.466062 526.794414 3.514564 0.125000 4.109834 
1105.645915 638.702997 1086.875261 639.382204 2.859974 0.125000 9.754432 
1216.543081 638.123123 1216.684392 613.130990 2.641313 0.125000 19.761225 
1798.962406 627.451206 1815.029751 638.956291 2.471791 0.125000 7.271649 
1425.323682 738.791580 1453.318764 751.446352 3.931981 0.125000 13.577550 
1845.087401 740.553850 1853.875508 753.880070 3.463362 0.125000 4.776889 
1906.803622 706.691468 1909.362897 723.126885 2.936032 0.125000 5.439073 
127.407605 684.472260 129.759891 701.822819 4.618811 0.125000 9.124672 
969.068412 510.595903 965.625257 546.875024 2.425443 0.125000 13.909845 
1488.271873 506.871885 1488.696475 526.889393 2.764522 0.125000 14.342685 
93.649932 607.696682 95.334423 619.593140 7.601174 0.125000 8.845066 
905.089283 594.363057 905.195816 611.885209 7.568259 0.125000 25.345726 
1320.638339 530.700118 1298.112859 530.444377 5.042250 0.125000 19.158243 
1453.128363 506.959100 1486.924292 505.607808 4.346285 0.125000 55.680269 
1512.565493 615.883312 1487.856789 622.050404 4.241811 0.125000 20.721447 
1929.372331 587.013189 1911.854723 586.674858 2.789186 0.125000 13.226303 
217.741154 346.005299 185.460576 360.252455 2.421277 0.125000 22.534619 
470.654361 219.824242 400.545351 224.406314 3.856029 0.125000 78.094414 
1560.561116 652.620433 1620.761722 657.779658 7.045072 0.125000 90.889087 
1895.679705 669.936096 1886.770649 670.804705 4.338785 0.125000 2.042418 
19.500889 638.114263 21.635694 663.145409 3.523992 0.125000 20.767397 
549.450429 224.261230 471.842159 219.968768 3.818840 0.125000 88.300588 
963.128173 280.801261 933.092904 281.341900 1.519351 0.125000 3.952591 
1045.141182 645.871550 1047.003690 630.640737 8.685302 0.125000 18.195940 
1349.363439 612.349626 1359.398483 612.200003 2.630170 0.062500 0.771518 
1529.856460 618.190121 1507.889630 626.232082 3.008092 0.125000 9.863185 
1594.449324 584.063144 1570.552223 585.956376 2.590912 0.125000 10.555808 
86.931476 549.230778 108.327005 557.609148 3.239462 0.125000 21.084414 
1019.296188 638.622694 1040.615571 639.584091 5.220170 0.125000 14.241118 
1703.112698 640.975545 1728.125116 640.633450 5.221763 0.125000 8.185931 
1719.280408 634.112776 1737.866441 627.408234 2.775830 0.125000 8.888967 
2046.914055 641.125202 2013.174544 643.759541 2.900346 0.125000 34.660287 
177.286385 734.573764 233.657927 767.204332 5.069983 0.125000 87.238148 
359.472239 815.005590 338.158802 811.659683 3.367314 0.125000 8.703715 
1332.373592 695.310834 1348.661917 686.632767 5.000540 0.125000 11.160423 
1561.923618 581.420525 1534.373731 583.104234 2.800350 0.125000 18.233861 
424.375684 764.814903 459.377544 764.760448 5.027220 0.125000 18.520479 
739.245258 760.847164 723.317473 751.545420 3.419568 0.125000 3.930276 
1341.689019 637.124910 1370.766923 640.730413 4.182947 0.125000 47.183267 
1417.800415 717.604282 1468.935209 740.363126 3.313515 0.125000 36.850175 
1988.126253 488.117483 1995.828956 489.401227 5.959475 0.125000 2.903007 
28.292348 587.056722 31.053670 565.519695 3.719553 0.125000 25.471104 
917.866427 498.253934 914.968207 520.539585 5.714199 0.125000 20.660246 
1208.094696 636.703514 1175.722057 642.424232 2.902008 0.125000 19.308267 
1360.633458 616.118999 1343.117191 616.418921 2.606633 0.125000 9.827235 
1662.981363 729.549380 1667.746720 699.315377 2.798238 0.125000 22.476300 
1792.356731 829.563285 1790.121341 820.442089 5.147818 0.125000 2.166363 
1141.573900 640.554467 1157.853630 652.252651 4.188021 0.125000 4.337400 
1400.265350 767.671128 1404.085571 785.686375 4.631934 0.125000 5.827184 
1735.742342 635.079481 1719.323252 637.814324 2.671402 0.125000 6.629679 
1906.776080 766.751392 1903.960868 740.535241 3.595100 0.125000 11.650306 
1237.320299 629.031242 1234.336074 646.868488 4.312674 0.125000 7.010892 
1405.900877 610.854806 1425.797983 616.235308 5.836215 0.125000 18.084662 
1597.629866 669.058699 1509.468683 659.738808 8.985641 0.125000 209.992188 
1614.831960 696.517736 1620.613931 683.683137 7.977823 0.125000 17.591635 
1733.245732 595.619013 1732.315172 576.853173 1.805646 0.125000 4.408695 
2023.892815 543.273513 2011.843584 546.766634 6.855354 0.125000 4.337400 
29.576427 694.354377 23.812146 638.054646 4.014796 0.125000 60.441220 
132.042704 678.104353 130.489445 665.487798 3.721900 0.125000 7.271649 
140.865377 705.673769 179.382277 735.615639 4.379714 0.125000 72.510813 
1091.091591 626.895397 1090.990915 616.858791 5.062438 0.125000 13.745744 
1238.662129 610.640754 1238.114814 629.301376 6.247313 0.125000 30.149492 
1980.600686 565.232238 2040.679973 561.513021 3.885428 0.125000 94.704587 
1517.053689 563.959880 1522.759964 549.233553 5.492587 0.125000 2.003973 
1653.262365 685.663902 1639.367594 734.726906 2.788298 0.125000 30.679776 
882.093967 792.355688 900.755303 797.667196 3.264557 0.125000 11.413278 
1357.985340 729.875535 1372.036519 733.796126 4.423694 0.125000 7.534744 
1476.875161 564.494981 1411.873597 564.582441 3.800453 0.125000 117.085055 
1490.740837 822.300977 1469.371470 828.112020 4.168780 0.125000 14.107037 
1704.598046 317.751051 1725.451050 312.441784 9.976941 0.125000 44.532847 
76.375326 506.834029 74.602238 474.362592 3.177823 0.125000 20.963425 
603.739719 504.202402 596.567037 634.495672 8.565300 0.125000 411.727726 
1342.899393 793.061468 1349.830830 768.447348 5.863908 0.125000 20.860336 
1790.582544 819.645315 1784.955788 792.742094 5.717763 0.125000 19.871625 
28.110068 625.519404 74.493154 618.960571 3.225738 0.125000 47.935816 
116.967510 524.368690 109.639629 416.942215 3.656237 0.125000 91.159197 
612.155970 235.234126 550.571255 224.688871 3.653968 0.125000 71.044418 
543.248315 826.949950 566.909692 824.747747 2.750527 0.125000 20.664315 
945.079936 581.477922 958.932229 562.463065 3.666500 0.125000 10.376888 
1660.628574 599.370703 1653.122874 593.127556 3.206328 0.125000 1.699425 
2000.766619 644.359396 2004.772930 680.718886 2.621865 0.125000 25.866117 
806.621534 485.709913 797.993347 586.970292 4.903839 0.125000 224.266748 
1596.959727 579.201614 1570.578001 581.277798 2.001949 0.125000 9.022904 
1820.474865 798.759041 1858.172658 789.570529 4.379353 0.125000 27.429124 
1963.721925 583.194434 1959.066572 539.407792 3.464676 0.125000 24.320683 
399.474385 225.045468 362.915933 230.464592 2.932592 0.125000 46.853924 
964.969012 551.810100 963.352682 568.147526 1.736195 0.125000 1.699425 
1180.618674 610.665184 1197.051767 613.252108 4.676297 0.125000 11.123255 
1539.460795 649.993584 1559.598539 652.729855 5.459374 0.125000 7.599308 
1955.445457 422.033936 1872.101082 435.748880 10.491803 0.125000 345.790730 
1020.558352 440.617149 930.549203 435.787669 10.631084 0.125000 398.041194 
1846.946313 655.594118 1851.382565 665.838251 8.372587 0.125000 4.862871 
269.525964 398.718134 236.612880 407.095136 2.752974 0.125000 20.135188 
800.460639 588.865561 831.686605 578.791069 3.838087 0.125000 39.597928 
1180.587735 602.717657 1210.628759 602.042197 5.364018 0.125000 36.131455 
1850.886796 778.079728 1807.968778 787.406101 4.089653 0.125000 23.622682 
108.876924 672.221045 126.719088 687.062436 6.879828 0.125000 42.512416 
1571.875037 576.875439 1589.356279 575.402769 2.176380 0.125000 4.408695 
154.582361 373.531886 207.383539 346.622860 3.095281 0.125000 55.003195 
234.292631 767.067630 262.665392 779.199852 4.446532 0.125000 39.486576 
745.655481 713.213295 708.678475 725.978281 5.260541 0.125000 44.342074 
1469.426852 740.453887 1531.527398 759.272095 3.262649 0.125000 39.204386 
34.346694 696.653822 20.503477 698.425424 2.826649 0.125000 0.386167 
285.528935 302.860077 234.225714 321.463305 4.261168 0.125000 43.338778 
346.206424 793.128490 331.550936 799.926352 6.031743 0.125000 12.965037 
893.092502 771.853270 879.602945 792.027417 5.564644 0.125000 12.418989 
1293.642291 482.002505 1190.590460 459.533413 5.555821 0.125000 146.458468 
1540.458652 740.130318 1515.564914 734.647824 3.248046 0.125000 8.335090 
1895.617034 661.943532 1876.830258 659.759943 2.483282 0.125000 10.730325 
167.195393 375.070324 184.481149 367.105367 5.153266 0.125000 15.111165 
295.301758 320.644942 293.760517 295.662910 2.572227 0.125000 8.208804 
1586.714734 743.894057 1602.128144 722.053651 3.244703 0.125000 22.476300 
128.837568 394.641410 155.364029 380.147381 2.284266 0.125000 11.444809 
821.777901 337.019822 764.186255 298.406513 4.105602 0.125000 76.512430 
1049.963363 629.822436 1051.317916 616.688627 10.203713 0.125000 21.432686 
1107.369087 719.957556 1092.128863 724.066570 5.383713 0.125000 10.141215 
1468.029730 830.867049 1486.394649 838.095415 4.157534 0.125000 14.236716 
1474.354516 666.828608 1509.186705 651.448557 3.089066 0.125000 41.900812 
384.379319 268.151823 347.042156 274.163217 4.455163 0.125000 32.233439 
1061.001558 728.515410 1042.054470 720.215313 4.797759 0.125000 12.965037 
1418.788730 839.717104 1412.895430 851.150956 3.436119 0.125000 2.061719 
1428.809861 540.136000 1419.624558 548.402302 4.180898 0.125000 1.681007 
1466.566103 789.724373 1489.820626 810.284775 3.311884 0.125000 25.057792 
2013.081130 587.240548 2043.069352 585.753093 5.127666 0.125000 41.457026 
251.745607 406.313643 269.457093 402.231151 2.621874 0.125000 5.439020 
767.675520 602.895297 740.065250 611.282283 4.996349 0.125000 42.053201 
828.652046 585.947411 795.640667 596.907101 9.884488 0.125000 95.616705 
913.015725 277.108716 930.715662 276.255266 6.543758 0.125000 14.326996 
1343.061986 649.277611 1334.424314 658.172886 4.755639 0.125000 0.037372 
1411.973782 672.383227 1373.081204 667.203874 3.969227 0.125000 55.781107 
1674.393381 603.741069 1654.373907 604.338364 3.599220 0.125000 9.328502 
1767.916344 642.683970 1744.438602 636.628411 1.834771 0.125000 7.517605 
2000.050051 703.044700 1993.235874 645.760503 3.871398 0.125000 58.022307 
121.688936 405.233352 142.417447 395.385664 4.148676 0.125000 25.866117 
1003.089056 662.098771 1018.114405 661.572502 2.671956 0.125000 0.386167 
1360.585246 778.734791 1350.523730 798.703795 3.894157 0.125000 7.045931 
1725.731238 283.527424 1695.365961 281.989479 13.858856 0.125000 100.632446 
195.543614 458.930943 125.602050 471.749779 2.561833 0.125000 40.864054 
400.617140 816.959787 450.535769 821.587521 3.363232 0.125000 42.644732 
763.620502 298.394989 721.216489 276.955144 3.835496 0.125000 33.008654 
850.507291 362.014783 821.983898 337.995680 3.271215 0.125000 49.319220 
1066.871956 694.201408 1081.867345 693.938459 1.962279 0.125000 0.796335 
1131.210617 481.548015 1142.769896 489.868340 3.773793 0.125000 4.776889 
1234.198403 651.182270 1214.521215 656.198552 3.942566 0.125000 14.950100 
1914.588757 693.587881 1926.794736 687.951193 2.707032 0.125000 0.309775 
488.119197 787.876554 535.631769 787.999019 5.048312 0.125000 42.081982 
589.070578 821.109271 611.807118 817.675520 7.602568 0.125000 26.058979 
644.025182 596.802534 641.701507 688.184159 10.664045 0.125000 338.648633 
1970.786587 508.110998 1967.963450 475.530684 4.167641 0.125000 25.345726 
727.418720 694.086235 698.036975 701.527432 7.884229 0.125000 27.747630 
914.730376 244.920510 895.754176 265.742723 16.384264 0.125000 49.896357 
1371.182614 664.408339 1372.085154 649.312829 2.719351 0.125000 4.651885 
1528.983501 623.364220 1535.694467 619.495503 4.956055 0.062500 2.020440 
1114.355158 670.218297 1134.368506 669.241896 2.801590 0.125000 4.109834 
1384.304823 733.786048 1411.892017 736.714703 4.312269 0.125000 31.044521 
1478.981554 530.616519 1478.281282 563.101423 4.126286 0.125000 35.688911 
1795.532882 802.368488 1813.077166 800.232168 3.722504 0.125000 6.901859 
1869.453549 658.677042 1860.674069 657.688993 3.225586 0.062500 0.771518 
135.005500 665.672134 135.958273 678.194748 3.061782 0.125000 3.780805 
2005.330810 654.422615 2003.689784 644.283588 2.467884 0.031250 5.561265 
169.725077 315.564100 128.007065 344.203206 3.938265 0.125000 66.578450 
405.289174 634.399704 406.248316 501.843332 10.017827 0.125000 402.983030 
873.076223 568.012922 849.585430 578.236333 8.278144 0.125000 30.178092 
1450.839886 546.340070 1439.423590 541.754042 3.251715 0.125000 0.309835 
1573.400905 836.590686 1564.650893 839.090643 4.086440 0.125000 1.175318 
1769.364974 518.112016 1743.245286 538.280777 3.368987 0.125000 30.115588 
2011.813462 680.464571 2014.388686 699.541889 3.883513 0.125000 17.376381 
74.464293 631.209942 30.591758 637.907237 2.556107 0.125000 36.256129 
887.086623 842.869607 869.581227 846.594244 3.225683 0.125000 8.844484 
1360.640313 598.611008 1330.620597 598.875807 3.683700 0.125000 10.922701 
1861.560068 653.968163 1894.444089 658.915805 3.642501 0.125000 15.552214 
2009.314221 699.489498 2006.133867 663.080550 3.627000 0.125000 21.169796 
2013.445244 521.973826 2011.958160 507.983295 3.332631 0.125000 5.439073 
891.319747 560.832860 880.791012 565.850352 6.126918 0.125000 14.809991 
1003.503857 539.419383 999.858605 570.535216 1.833755 0.125000 7.177781 
1069.373477 548.595250 1086.877342 548.651946 3.778322 0.125000 2.120866 
1377.023388 824.348844 1374.597392 810.585799 3.910057 0.125000 1.890420 
1673.140048 590.226064 1659.315416 589.704581 2.451105 0.062500 3.800290 
1898.041438 416.494543 1783.764163 441.593854 5.694210 0.125000 191.204132 
1871.646969 662.049749 1895.779112 665.912100 2.961681 0.125000 12.358111 
632.182715 240.566112 613.022361 236.061581 3.005793 0.125000 18.858135 
1056.136437 616.837904 1055.221440 604.222940 4.715614 0.125000 0.314850 
1411.909054 514.369121 1449.415168 513.342515 3.167165 0.125000 45.956813 
1679.375044 624.456680 1635.625057 624.480423 1.266281 0.125000 14.342685 
2014.325978 657.570498 2046.902891 654.690489 4.210023 0.125000 34.049352 
343.952610 234.000761 290.258124 247.964230 3.966581 0.125000 60.117056 
834.530485 580.528272 826.954824 586.685177 4.668519 0.125000 4.579908 
1618.105660 662.118725 1564.396276 657.856871 2.096658 0.125000 31.932058 
795.461698 698.635964 868.129686 721.860337 3.289619 0.125000 88.605514 
1298.128661 513.207814 1320.695078 512.210225 4.243182 0.125000 37.328281 
1340.609955 763.240378 1330.616870 761.937346 3.718521 0.125000 1.175318 
1440.791571 708.992393 1404.827688 693.335196 3.141948 0.125000 17.073532 
1437.620459 711.526282 1445.043119 715.681511 4.143678 0.125000 3.505605 
1486.880606 622.877560 1470.582331 622.508297 3.720725 0.125000 4.293068 
703.740019 263.786507 633.263653 240.210522 3.935918 0.125000 74.696638 
914.731413 622.482421 924.231283 609.271653 3.204189 0.125000 0.304871 
1508.035064 770.987440 1538.048104 778.434887 2.736484 0.125000 22.649459 
136.368263 209.994947 112.789952 228.958416 4.107674 0.125000 14.170122 
1298.138954 602.906724 1310.667662 603.707635 2.893631 0.125000 7.117965 
1403.403725 713.897829 1375.278017 697.469026 3.162559 0.125000 25.898395 
1439.923300 545.977580 1428.695846 554.756414 3.724106 0.125000 6.288067 
21.075670 664.455428 24.101588 694.528285 3.981445 0.125000 22.312529 
752.831124 688.560388 841.840934 638.064951 7.746279 0.125000 208.735949 
1370.799084 680.316972 1437.023355 712.822754 5.306364 0.125000 80.938069 
1454.107512 752.647746 1506.785862 770.882510 3.770871 0.125000 48.265818 
1630.621908 644.417280 1645.814881 645.528210 2.490015 0.062500 4.928937 
1662.070892 648.173900 1658.326153 663.175213 1.821888 0.125000 0.796335 
1895.530046 632.172660 1921.910818 633.791206 3.283676 0.125000 12.918663 
69.780605 508.109870 68.566492 475.561904 3.971426 0.125000 27.707911 
305.558314 739.616239 337.157973 748.351332 3.330470 0.125000 24.496301 
620.352300 681.868701 622.428034 592.003265 12.583262 0.125000 394.611334 
1216.757918 671.367500 1169.741669 682.214348 4.308998 0.125000 36.185968 
1463.138851 554.703224 1448.060204 555.339533 2.136288 0.125000 0.309835 
1903.737299 738.221691 1901.244489 721.781070 2.846528 0.125000 7.271649 
1968.021735 571.880778 1968.583459 581.919292 2.775443 0.125000 2.602515 
19.488983 696.867000 17.649475 670.658376 4.003353 0.125000 24.288664 
141.779841 390.457748 122.779673 401.268055 2.004290 0.125000 7.517605 
386.857219 759.500058 423.085755 764.651022 4.058704 0.125000 21.775596 
653.270477 625.800785 661.082193 508.238439 10.313604 0.125000 377.930161 
1773.521524 774.199420 1764.220177 753.193555 3.445827 0.125000 15.782360 
903.130335 263.704928 911.390469 281.433171 15.180345 0.125000 20.635892 
911.395161 563.080240 908.483708 594.291859 2.953583 0.125000 34.302934 
1348.078657 803.975761 1330.524983 806.013364 4.822521 0.125000 8.041163 
2011.978914 402.750539 1895.588137 416.564408 6.372654 0.125000 206.284747 
1050.522658 535.569488 1046.242701 543.460050 5.084280 0.125000 0.681697 
1391.877845 617.931272 1411.873533 618.224917 2.756698 0.125000 18.704621 
2042.405085 559.435012 2035.420154 475.642076 3.218233 0.125000 89.664420 
25.492338 245.596440 55.679298 248.875072 5.375677 0.125000 31.456396 
269.235446 378.894064 235.430122 388.703403 2.475873 0.125000 20.767361 
901.799887 809.296502 877.510282 832.538905 4.671437 0.125000 44.771867 
1043.172428 545.247968 1030.646634 544.882839 2.644627 0.062500 1.130047 
1412.433538 740.416789 1407.427580 757.041391 2.998973 0.125000 5.499000 
203.060116 401.657541 269.373907 381.871338 2.607905 0.125000 45.062909 
485.963473 813.188170 474.272723 805.073126 6.245787 0.125000 6.125476 
1491.871985 617.035089 1463.132178 616.493837 3.040905 0.125000 5.186756 
1584.321822 567.719673 1570.482051 569.535439 2.168347 0.062500 2.878816 
1775.492690 790.644152 1773.163122 774.550419 3.532249 0.125000 12.534851 
1952.120042 425.884309 1926.575706 430.031532 5.167625 0.125000 42.950806 
1447.973496 657.682347 1436.371308 661.653348 3.611308 0.125000 7.517605 
1587.395214 720.115637 1619.338328 674.349404 3.598013 0.125000 39.398535 
1871.807884 669.502304 1890.605238 679.412484 1.929408 0.125000 2.866407 
38.048425 648.826433 75.687448 643.572363 3.915107 0.125000 35.321783 
272.189374 333.336967 275.072498 397.069636 11.520954 0.125000 230.895696 
639.537067 718.312245 634.619166 788.230097 9.517790 0.125000 176.540433 
669.131524 518.196330 661.948284 619.557363 8.129143 0.125000 383.014216 
929.210655 603.016293 944.323794 580.167948 4.843563 0.125000 18.663439 
1129.181663 456.344852 1110.489045 454.510209 5.975916 0.125000 10.604812 
1236.855884 592.142280 1251.868490 593.216015 1.871040 0.125000 1.699425 
1399.427096 837.125767 1385.499155 840.019236 3.210498 0.125000 1.339231 
1442.247219 850.887969 1438.296091 837.699264 3.233531 0.125000 4.579908 
618.453233 725.651126 599.574852 693.523070 8.165613 0.125000 95.277516 
735.525258 279.586624 704.170611 264.808655 2.938064 0.125000 33.123484 
1038.093554 427.639647 914.347219 422.550523 5.698642 0.125000 210.951261 
1164.537084 708.848877 1144.081441 717.808615 6.292751 0.125000 16.859897 
1372.914616 729.416037 1373.706735 709.348622 3.697779 0.125000 21.084414 
1854.621154 665.211257 1883.170923 682.196774 5.112973 0.125000 22.267071 
184.413264 365.204250 226.060949 347.925803 8.167917 0.125000 73.644144 
783.853762 739.383030 752.716788 757.420321 4.266981 0.125000 42.284531 
1426.532957 615.962230 1449.321536 620.873097 4.023855 0.125000 30.750253 
365.506134 827.914361 340.405563 825.043754 1.838288 0.125000 2.166363 
763.096762 598.122625 769.516669 521.781795 4.073837 0.125000 145.979027 
1320.094369 707.613903 1332.151725 695.875296 5.444889 0.125000 29.869384 
1328.231071 668.149865 1325.813605 678.462243 3.156257 0.125000 3.505605 
1413.579527 516.880658 1413.066154 558.124268 1.747757 0.125000 16.420384 
1600.628959 549.472180 1570.627825 550.694340 1.859515 0.062500 3.334327 
1991.877245 646.048579 1963.128053 646.200961 1.395741 0.125000 7.117965 
2047.238313 416.377041 1952.988866 426.906457 13.082680 0.125000 324.989754 
891.167575 604.345658 892.317037 625.601095 2.226354 0.125000 0.681697 
906.900551 727.908146 895.659331 726.583633 2.629096 0.062500 1.130047 
1435.549248 632.742599 1450.935924 629.694563 3.447293 0.125000 7.161463 
1544.699749 715.976581 1590.097944 671.338963 4.366995 0.125000 57.927571 
1911.854659 708.081757 1929.554211 699.755980 2.262215 0.125000 1.222714 
2002.490169 685.541706 2004.718334 701.997763 3.148276 0.125000 9.754432 
62.180619 419.015132 0.426883 416.159837 12.854555 0.125000 250.132466 
199.273318 420.248238 249.337660 406.736643 2.605620 0.125000 36.199567 
363.355000 230.452069 344.401571 234.499430 2.705920 0.125000 7.138696 
419.429667 781.581868 443.282543 786.030228 4.373933 0.125000 10.000910 
1423.374817 550.973028 1437.186479 541.058932 4.217685 0.125000 13.128599 
2044.450087 568.062394 1976.825280 572.338743 3.964490 0.125000 100.572574 
909.376655 522.998789 902.157468 594.403558 3.911553 0.125000 57.446939 
917.500873 522.859319 911.943415 562.061902 4.248707 0.125000 25.762297 
1214.515195 659.980327 1231.948582 655.942709 2.717570 0.125000 6.299569 
1328.550148 802.388036 1342.843286 790.543454 5.583130 0.125000 18.929935 
439.259870 817.874552 395.514325 812.835879 2.535631 0.125000 7.213716 
625.232106 694.351248 609.042125 689.163925 5.189144 0.125000 4.954977 
1439.053851 753.546458 1429.111676 745.970572 5.728843 0.125000 0.766096 
289.440923 248.288229 229.174282 272.628012 4.546504 0.125000 76.488152 
613.340349 791.815639 617.224959 724.108211 10.229142 0.125000 217.157472 
830.985428 578.045988 838.534745 493.050368 2.821966 0.125000 63.382071 
1564.401636 608.613336 1531.862083 610.388181 2.292052 0.125000 26.246818 
1767.080893 747.839909 1784.839236 744.050625 3.846504 0.125000 0.031772 
1911.765883 735.483150 1915.362162 764.407680 2.185674 0.125000 13.131749 
12.079883 641.854311 14.991628 670.688958 1.871612 0.125000 7.177781 
744.267851 747.895420 754.479981 687.527123 8.590496 0.125000 134.232013 
896.771304 525.615338 898.871314 503.078067 2.025330 0.125000 9.294958 
1011.891419 444.195063 996.902165 442.827300 4.979313 0.125000 22.240807 
1603.772469 719.752388 1616.504302 697.908932 3.233786 0.125000 6.497493 
1661.047190 696.959966 1652.437762 739.739818 4.146557 0.125000 58.114382 
1801.537110 624.871102 1820.161294 637.555831 1.541417 0.125000 2.199180 
146.967038 464.890606 194.297683 456.441865 2.373694 0.125000 30.115588 
648.123857 833.120226 678.196174 825.922360 3.698766 0.125000 28.538513 
1636.722890 748.140829 1640.366254 783.151926 2.745333 0.125000 24.174701 
337.830746 749.566420 386.590166 759.520271 3.148814 0.125000 34.268901 
775.353725 696.355600 843.241061 721.562424 3.678505 0.125000 64.202015 
915.381754 657.929983 845.631298 641.847685 5.989202 0.125000 111.068544 
2034.269333 366.435835 2025.276205 379.127856 9.604710 0.125000 0.694669 
1648.349318 789.355645 1646.617881 769.289329 2.383287 0.125000 5.439020 
274.133357 400.439368 276.216455 425.781878 9.847010 0.125000 74.135843 
1247.169846 303.376879 1229.202202 324.409542 18.315835 0.125000 127.836434 
1472.517576 531.882986 1472.796911 553.129314 1.496385 0.125000 5.311785 
1738.034607 616.894948 1733.272647 595.316564 3.266296 0.125000 13.972586 
11.760385 398.024272 19.292403 389.453860 3.755728 0.125000 4.651885 
60.627521 401.756118 0.622247 401.889850 5.083562 0.125000 83.938641 
285.782810 294.924202 279.014136 296.869135 3.093194 0.062500 0.495305 
913.112950 696.259982 919.751285 683.318008 2.852464 0.125000 5.524104 
1152.892769 736.130542 1140.435223 740.016638 3.656423 0.125000 0.681697 
255.526558 368.240565 233.232030 349.249354 2.854689 0.125000 17.451078 
215.788335 326.037185 279.448634 300.810820 3.180060 0.125000 59.965820 
1227.782324 326.882409 1228.135817 343.232865 12.686208 0.125000 21.587518 
1397.503051 787.418677 1386.436209 774.758569 4.231829 0.125000 7.901679 
1437.990221 517.918967 1449.531984 519.409035 3.399035 0.125000 2.012253 
1869.220312 437.651514 1847.127505 451.538031 10.250113 0.125000 71.955836 
842.785725 720.699734 876.861717 729.426863 3.101256 0.125000 32.710882 
912.116491 442.989772 891.546108 420.841402 13.151334 0.125000 108.117161 
1270.991143 341.138872 1267.486470 321.542096 15.866017 0.125000 70.927338 
263.092701 780.530299 253.726856 783.724627 4.732331 0.125000 2.166363 
1249.421081 662.676608 1229.630106 660.642693 4.241509 0.125000 6.768117 
1376.990537 408.926724 1361.942769 411.095261 3.889953 0.125000 7.177781 
1410.581463 622.475590 1390.595872 621.026813 2.222327 0.125000 6.397382 
1560.619782 835.728297 1544.285173 834.903100 3.682157 0.125000 3.489198 
1974.175983 514.395369 1979.292068 564.383488 3.348710 0.125000 49.766774 
2034.523863 475.046815 1973.254184 479.792753 5.178138 0.125000 121.782854 
233.997925 322.306665 204.500961 335.898362 3.572764 0.125000 33.519999 
811.952429 783.266276 786.932093 796.979171 3.815411 0.125000 19.302921 
1037.955379 448.221099 1018.673520 442.519875 10.163041 0.125000 79.214168 
1719.274713 733.098067 1701.881994 734.464052 3.151263 0.125000 12.854840 
1933.881991 610.203680 1945.936258 613.062641 7.235160 0.125000 2.381190 
2046.894085 402.437423 2013.055799 403.585650 4.954732 0.125000 37.271933 
341.823191 817.233965 358.095055 819.582475 2.474361 0.125000 4.855514 
948.022886 247.283588 925.963890 241.770617 15.462428 0.125000 65.211209 
1743.129995 539.378165 1733.483506 554.602162 3.449846 0.125000 0.601451 
448.126952 799.354124 408.126086 795.613382 2.059285 0.125000 16.546872 
415.684722 798.892995 446.919839 802.763115 3.249544 0.125000 13.453599 
499.802406 801.469107 508.944995 811.096280 3.671227 0.125000 5.439020 
853.848623 570.534552 868.313280 564.854466 3.033626 0.125000 6.397382 
1276.891325 688.037041 1261.942276 685.262521 4.827548 0.125000 14.817886 
1570.574606 572.681640 1584.429765 571.106824 2.625175 0.125000 5.311785 
1782.186487 723.020773 1718.377477 731.316906 7.982588 0.125000 127.267210 
869.476884 563.134305 875.302495 499.345547 2.040616 0.125000 41.145450 
1373.109757 748.127437 1377.941687 778.354124 4.542683 0.125000 22.464352 
1523.942434 808.103107 1494.903361 797.874919 4.930863 0.125000 21.605082 
1956.000646 685.567381 1958.493352 701.818500 3.608201 0.125000 2.118719 
234.215081 407.541884 194.462494 418.444030 2.507716 0.125000 19.739607 
448.125893 781.865778 413.091132 778.474926 1.806285 0.125000 9.767060 
536.840654 789.390763 570.599297 788.451348 2.777199 0.125000 20.803851 
952.116013 441.676387 939.547967 439.585379 2.241845 0.125000 1.699425 
1710.193338 479.807965 1705.239527 489.171055 8.903354 0.125000 1.294228 
40.607249 610.488529 51.989848 609.007945 1.692881 0.031250 0.598194 
203.863782 335.964193 142.882011 370.192082 3.959358 0.125000 57.877639 
264.356599 360.648219 244.770283 345.126216 2.569190 0.125000 7.534744 
1521.277844 733.927337 1539.902293 718.773037 4.353989 0.125000 10.166562 
92.746182 655.934089 98.603931 661.357736 4.382163 0.125000 2.199180 
530.602305 652.547961 410.612306 648.501419 3.775359 0.125000 118.014280 
898.042161 721.744359 908.171697 722.494003 4.016538 0.125000 2.866407 
941.426561 539.334960 942.432989 528.063212 3.045931 0.125000 3.083898 
1200.848039 647.286645 1183.163313 649.660429 4.880722 0.125000 1.669122 
1449.263536 616.117073 1433.267988 612.493764 2.828882 0.125000 2.903007 
1468.123860 746.878719 1526.731258 764.843926 2.372240 0.125000 30.086053 
1613.118871 486.813457 1510.640936 486.284960 10.296401 0.125000 430.006539 
222.832836 333.624808 271.925805 314.505451 3.506160 0.125000 58.958512 
590.681591 647.654652 531.878476 651.922882 2.905534 0.125000 46.744876 
998.277370 444.106512 984.291899 442.703163 3.485928 0.125000 9.022904 
1013.051941 710.223979 1026.801058 707.719132 2.235477 0.062500 2.267472 
1701.937255 734.215794 1676.805095 735.650154 3.743907 0.125000 23.330431 
2027.913798 383.182104 2030.603691 393.130761 4.272529 0.062500 5.816667 
273.121611 299.364198 265.579622 301.730359 2.829679 0.062500 0.495305 
290.624200 785.962698 300.774573 777.976388 4.557850 0.125000 8.095981 
490.611908 572.890486 458.143320 574.703146 2.426436 0.125000 13.192990 
1227.306744 320.779640 1224.641617 328.220495 6.305459 0.125000 13.439595 
1387.102895 682.569977 1373.771059 677.095856 3.704644 0.125000 1.681007 
291.155747 805.072089 303.739501 793.563375 7.379246 0.125000 13.733562 
872.052926 720.756031 916.085675 660.964257 4.283557 0.125000 85.837761 
984.080411 406.905959 979.608188 364.350494 2.355663 0.125000 16.912169 
1429.386852 783.262623 1446.864878 781.757465 3.348778 0.062500 2.168499 
86.414311 402.620816 61.702790 425.200495 16.259294 0.125000 115.827124 
127.595716 701.118779 109.061093 683.454372 4.396899 0.125000 20.905125 
190.156407 747.525579 147.123382 716.530155 4.184630 0.125000 62.411934 
459.914701 801.660319 471.646003 809.708782 2.888623 0.125000 2.866407 
1514.715038 403.139939 1512.079309 463.133976 1.948955 0.125000 37.989528 
1972.223089 579.343923 1966.194966 511.824114 3.045881 0.125000 50.808219 
1361.850651 416.585843 1375.817391 415.409752 4.667706 0.125000 6.097726 
1389.378162 624.313356 1411.883074 625.467575 1.888611 0.125000 8.021055 
1906.995950 738.109414 1910.226083 763.176404 2.358028 0.125000 15.175764 
230.925596 272.610129 194.988721 291.942205 4.152676 0.125000 67.693851 
449.394203 814.129747 434.388328 812.954781 1.831646 0.062500 4.107665 
655.575566 687.732596 674.407102 688.818093 3.143261 0.125000 14.096517 
1417.858970 733.631021 1385.188520 716.455238 3.957853 0.125000 30.880877 
1410.618543 648.125362 1409.496186 628.118202 3.126185 0.125000 5.099702 
1429.217480 747.112512 1421.967266 739.289490 3.600113 0.062500 0.883995 
1904.037182 719.464075 1903.256480 705.547501 3.954153 0.062500 0.209902 
1914.606898 689.906782 1904.830685 694.169964 2.937729 0.125000 1.699425 
254.342276 781.937197 190.970107 748.594887 4.768054 0.125000 68.921734 
248.164254 791.752682 274.145355 800.090580 2.851023 0.125000 7.010892 
458.182160 814.629573 455.412841 801.653507 4.971893 0.125000 4.718942 
589.986343 629.343010 595.747892 514.318543 6.490068 0.125000 252.290307 
1514.316592 463.121756 1517.581181 404.344795 1.941283 0.125000 31.808566 
1595.644219 555.893585 1574.381805 556.162676 3.844610 0.125000 4.490683 
1886.683791 700.339526 1878.752099 698.767140 5.887623 0.125000 0.681697 
604.307323 809.234464 591.191160 815.550680 2.294383 0.125000 0.432253 
1123.924684 721.120984 1106.510362 741.564390 5.251022 0.125000 16.019663 
1613.120132 624.438012 1625.641964 625.405420 1.823997 0.062500 0.521528 
1873.790445 698.454216 1782.746847 722.970702 8.682591 0.125000 194.736840 
329.446200 762.873826 297.896671 753.930478 1.865534 0.125000 13.226303 
728.205053 750.946363 742.621831 747.355086 6.673307 0.125000 20.255511 
736.655376 559.944992 751.737434 561.764992 3.573236 0.125000 1.681007 
894.932931 425.689803 870.550899 405.457892 10.253999 0.125000 74.002208 
910.822907 699.485300 901.011173 717.090225 2.684515 0.125000 4.776889 
938.063681 438.235805 913.028664 438.657638 11.058871 0.125000 69.366026 
1544.492021 616.869689 1545.060764 629.400609 2.724131 0.125000 3.505605 
1716.893825 728.496816 1675.559917 730.589504 2.496802 0.125000 14.229979 
1828.205634 805.978675 1846.841894 801.729791 1.881738 0.125000 0.432253 
1926.853233 633.405300 1939.471281 634.385185 2.782837 0.125000 1.315273 
1960.875337 648.002887 1962.719244 670.658025 3.230628 0.125000 15.664401 
2046.925435 664.125347 2015.566083 665.706411 2.748597 0.125000 28.988900 
1143.244360 723.030325 1151.974891 734.037249 3.681423 0.125000 1.681007 
1289.030144 692.808244 1280.518573 689.663010 7.289659 0.125000 0.895746 
24.454019 370.664865 43.338268 333.232592 1.789313 0.125000 21.356144 
242.862471 372.168081 227.634305 358.527332 2.987353 0.125000 3.930276 
479.415190 783.059259 487.656135 788.097252 4.088954 0.125000 7.117965 
536.877306 785.645801 566.923822 782.315478 2.484783 0.125000 9.508058 
820.002728 721.828402 784.200279 739.010942 3.607025 0.125000 31.917897 
893.041511 627.254620 917.936995 632.729848 2.710142 0.125000 6.097726 
909.814357 744.633043 893.958336 771.630285 3.165210 0.125000 29.344752 
949.671366 580.846904 930.341677 606.662862 2.504003 0.125000 11.933923 
1209.385169 693.107842 1188.176658 680.537840 2.549312 0.125000 3.701374 
1425.606441 830.517762 1475.832750 821.825430 2.416110 0.125000 16.589148 
1548.192885 574.868810 1559.402873 573.327753 2.646945 0.125000 0.796335 
272.979759 317.726738 234.352607 331.813596 1.505735 0.125000 10.555808 
414.447760 511.844598 412.990957 628.154634 6.640891 0.125000 321.073046 
1310.527635 686.513440 1288.831319 692.356063 6.823837 0.125000 28.636072 
1778.092062 638.087456 1795.613089 638.563445 6.451370 0.125000 16.032648 
1854.335931 488.454333 1820.761854 484.471393 4.817927 0.125000 27.356444 
281.625326 807.528328 244.319039 793.271434 2.201555 0.125000 21.614790 
1019.133063 645.120282 1034.214463 646.948968 2.495869 0.125000 1.175318 
1229.515686 661.150769 1214.269406 665.230376 3.707471 0.125000 13.414553 
1458.372437 489.579797 1294.161611 497.386394 12.487969 0.125000 610.030734 
87.315654 254.324118 107.899310 250.620634 9.275769 0.125000 45.036262 
242.748377 799.246376 244.269447 809.574636 3.995614 0.125000 0.514858 
865.528558 788.389060 829.114041 775.089512 3.185399 0.125000 13.733562 
951.850846 399.384655 938.323956 365.545469 1.858927 0.125000 8.351045 
1174.894685 714.600869 1162.907047 708.517860 7.869226 0.125000 1.714706 
1951.989796 710.273430 1920.542972 708.019411 3.651037 0.125000 33.504734 
276.616436 530.679609 275.389771 496.793017 5.974593 0.125000 77.017483 
278.550266 769.169561 267.479973 775.442618 4.821404 0.125000 10.555762 
644.362168 758.081871 680.055938 747.462306 3.792294 0.125000 30.303941 
875.163684 745.532824 866.902017 786.880398 3.680801 0.125000 31.306048 
2031.727453 669.333064 2046.957085 667.593748 2.518447 0.125000 7.117965 
418.083512 766.854629 412.166791 778.904501 4.488142 0.125000 3.144722 
465.070776 774.340201 464.122832 789.437652 3.665948 0.125000 0.037372 
669.440921 784.569452 736.824411 761.725773 5.055976 0.125000 83.476288 
1394.378218 611.657219 1405.632005 611.622138 3.746085 0.125000 8.021055 
1430.228134 654.429770 1432.113613 668.092070 3.202128 0.125000 2.903007 
1535.185495 461.727776 1544.350758 434.366879 1.605680 0.125000 5.524104 
90.625587 660.628293 34.380071 670.653453 3.483919 0.125000 29.655882 
315.547408 749.827756 300.688158 751.273934 2.367159 0.125000 3.505605 
760.367231 687.382171 775.317246 694.980516 2.320597 0.125000 8.021055 
1093.727511 743.630097 1108.534068 725.967930 4.760951 0.125000 5.096548 
1434.594962 652.467785 1448.311645 647.377997 3.648419 0.125000 3.130755 
1544.681010 425.729569 1537.394589 447.052552 1.991242 0.125000 4.579908 
49.398586 699.538978 6.879288 705.654815 2.660982 0.125000 39.029323 
80.994109 630.568140 84.495748 653.298959 5.038488 0.125000 20.512818 
461.882588 576.586458 490.612718 577.342032 2.301961 0.125000 1.583668 
636.977868 689.773713 626.694849 692.426743 3.982108 0.125000 2.061719 
964.655413 268.068200 960.859309 249.327538 2.217759 0.125000 3.780805 
1402.725348 717.738320 1451.926127 740.514557 2.373251 0.125000 22.215427 
1813.189035 496.998881 1802.748107 502.395868 4.554337 0.062500 0.304198 
283.040549 499.308341 284.009477 534.419582 5.377397 0.125000 78.824781 
1099.389010 684.812981 1070.630616 685.051669 5.145069 0.125000 29.292536 
1370.621646 648.149673 1349.256660 645.245621 2.813939 0.125000 12.271960 
176.942750 355.765492 222.255477 333.913982 2.714804 0.125000 13.935539 
260.622810 500.756255 235.608917 500.338902 1.250000 0.031250 6.207306 
1132.436970 751.004449 1128.481123 730.800013 3.971936 0.125000 5.534003 
1235.902120 363.568760 1246.260540 369.518541 8.071228 0.125000 7.473045 
1544.026020 828.167819 1542.024694 811.856633 2.329163 0.125000 5.742301 
1892.796176 683.713963 1875.730512 674.186017 1.473267 0.062500 4.059539 
238.335031 347.850889 256.183787 361.527099 2.912249 0.125000 8.351045 
1261.643734 685.763592 1250.549107 675.594084 8.293195 0.125000 12.577919 
394.082153 819.928385 388.724873 829.194517 7.287732 0.125000 3.291119 
771.835598 688.221225 794.611485 697.547475 2.258727 0.125000 4.776889 
1944.251788 700.505874 1932.999174 699.279868 3.457158 0.125000 1.175318 
406.112675 798.094553 397.775090 811.197729 6.422995 0.125000 13.205127 
883.904649 765.798805 880.600688 780.619580 2.036001 0.125000 0.432253 
1810.524636 824.093394 1801.970226 827.142188 5.549106 0.125000 0.077333 
2047.060332 623.250428 2022.009859 626.625845 4.480677 0.125000 11.648030 
503.124121 579.357840 473.138745 580.893410 1.759800 0.125000 13.439595 
1038.771299 728.028515 1036.924676 739.582718 3.900279 0.125000 5.439020 
1426.365104 636.944127 1428.407094 652.006220 2.917949 0.125000 8.406042 
1829.370510 515.608463 1813.287899 519.974984 2.532638 0.125000 4.855514 
1993.165720 710.019190 1970.597865 711.445717 2.889300 0.125000 9.767060 
85.067398 647.341685 91.138541 652.708162 3.027100 0.125000 0.796335 
184.194075 342.773877 215.504208 326.640577 1.887380 0.125000 8.095981 
227.605403 352.524695 244.375830 365.936939 3.318372 0.125000 3.925904 
241.088301 307.776411 227.642889 314.686992 9.589696 0.125000 50.715078 
436.876926 768.109069 419.331088 765.988295 1.540961 0.062500 0.771518 
744.593655 817.501658 703.154865 831.960592 2.717046 0.125000 35.203917 
1119.436449 684.833033 1100.509431 683.364483 4.318945 0.125000 15.782360 
1700.642022 486.421168 1644.364297 487.624402 10.158031 0.125000 157.691962 
1829.291731 819.991422 1810.537111 822.456271 2.868163 0.125000 6.337455 
219.451972 393.352020 186.881785 404.395012 2.027172 0.125000 4.173126 
261.887704 566.809316 238.061893 562.201298 1.464615 0.125000 3.083898 
1972.045232 481.854126 1973.894310 496.933942 2.329280 0.125000 3.969362 
2046.948140 706.175279 2031.882015 708.177780 2.642900 0.125000 2.910950 
505.618619 562.972286 464.336236 564.697348 2.236880 0.125000 18.287428 
634.843071 807.677146 614.477048 812.322406 6.542635 0.125000 18.947329 
645.570697 691.595015 656.880148 689.401545 3.956521 0.125000 6.397382 
1588.152888 605.954406 1568.085071 607.653366 1.370836 0.125000 1.699425 
2038.484747 333.183626 2034.585126 357.112948 2.522265 0.125000 4.497339 
110.548043 687.747293 50.738765 699.933357 2.879913 0.125000 36.923054 
261.876058 534.366013 238.160313 531.574944 1.533637 0.125000 5.311785 
303.324051 757.570467 320.813984 763.848511 2.353004 0.062500 1.440867 
696.975450 582.818001 680.819139 577.531664 1.620465 0.062500 0.771518 
883.894734 351.322586 931.849747 418.143123 1.971893 0.125000 23.238357 
1108.464631 519.467107 1121.104182 516.268566 3.328747 0.125000 1.222714 
1114.398143 673.004592 1130.532603 676.105719 2.974780 0.062500 1.107548 
1374.323928 663.540540 1408.025737 667.682646 2.328846 0.125000 15.706368 
411.718671 782.337246 407.116100 793.226902 4.914064 0.125000 7.263167 
1246.419077 285.560712 1244.148033 301.666739 3.412840 0.125000 1.332400 
1778.508329 472.441234 1766.216220 465.550104 5.104833 0.125000 7.318252 
934.587101 364.285840 941.965099 381.837125 1.570556 0.125000 0.796335 
1012.885735 684.522585 1013.984098 677.000443 4.766928 0.125000 1.175318 
1031.201188 736.784544 1032.706840 725.568864 4.215603 0.125000 0.077333 
1629.072763 746.716856 1623.621587 757.134838 2.369572 0.125000 0.796335 
1824.363203 498.065819 1810.659369 500.797420 1.963053 0.062500 2.878816 
105.206859 388.876849 84.476134 406.277937 12.977333 0.125000 60.514814 
220.689004 315.696586 210.857403 324.486854 8.726348 0.125000 18.374016 
751.925408 757.060534 739.652155 760.395102 2.963339 0.125000 1.175318 
916.995742 634.978875 893.144295 630.521748 1.453898 0.125000 0.309775 
1022.522919 692.104486 1041.663823 699.893924 4.455985 0.125000 0.945251 
1189.323875 644.019334 1201.922908 642.208281 2.474565 0.125000 0.432253 
698.541506 819.293246 725.707990 809.607776 2.518637 0.125000 0.766096 
976.676277 365.647701 979.668534 391.841468 1.667538 0.125000 6.629679 
1229.261729 443.061219 1224.092683 437.120651 5.290559 0.125000 0.386167 
1517.818093 583.088747 1517.096550 564.318433 3.075018 0.125000 10.184322 
40.684428 331.904714 25.184598 362.904802 1.250000 0.125000 7.117965 
99.993455 673.758538 88.723781 662.524329 3.541101 0.125000 3.489198 
304.275901 791.945669 314.476127 783.056657 4.227318 0.125000 7.177781 
454.336235 557.882287 438.101091 560.475301 1.825795 0.062500 5.241458 
723.018714 704.007204 706.687615 708.726565 3.949616 0.125000 4.173126 
1034.744853 516.688263 1050.662888 506.936848 6.049603 0.125000 26.041557 
1703.132882 776.311310 1670.621760 775.856731 2.622088 0.125000 11.307638 
1721.862428 741.702603 1698.147393 743.432058 1.519439 0.125000 4.408695 
1812.035601 722.587438 1786.903804 728.252775 1.649301 0.125000 7.117965 
1852.120722 711.488411 1812.983203 722.626758 1.739042 0.125000 12.358111 
1958.197814 661.868099 1956.660336 645.645344 1.716175 0.062500 0.771518 
40.355171 396.656260 75.636638 353.134434 2.074120 0.125000 23.319972 
210.824276 324.814407 186.423874 335.880258 4.341913 0.125000 4.075579 
877.494264 780.766766 880.943900 765.698005 1.879074 0.125000 0.796335 
1475.517674 558.126535 1475.142041 531.864029 1.607411 0.125000 6.214875 
1836.877338 491.853935 1853.203677 493.666224 2.208923 0.125000 3.083898 
712.126348 687.722657 689.400596 694.461321 2.842864 0.125000 6.901859 
702.178793 827.695732 733.732480 816.016179 3.432837 0.125000 15.772221 
929.346907 410.644885 900.888073 370.438790 1.490501 0.125000 14.817886 
174.925016 343.294498 165.599603 349.335797 3.256549 0.125000 2.199180 
345.846994 770.797643 338.645520 780.057688 4.056226 0.125000 4.591819 
475.643948 567.223183 499.391644 565.930846 1.250000 0.125000 0.796335 
877.128826 731.690462 874.765652 744.447367 2.002809 0.031250 3.341931 
978.094390 567.252548 993.163553 566.723843 2.892929 0.125000 10.184322 
1507.019928 489.008536 1479.139114 490.902435 8.899313 0.125000 56.611629 
1991.399442 352.984793 1999.346349 396.880187 2.004142 0.125000 18.372632 
2030.643682 708.972455 1994.356205 709.772402 3.749089 0.125000 24.260483 
332.722205 785.248078 322.481091 796.192160 3.533589 0.125000 9.899782 
535.603679 781.741915 561.782543 777.547890 2.222945 0.125000 1.583668 
951.050377 271.728565 953.747264 256.541554 4.347898 0.125000 9.169467 
1013.226203 395.641702 1010.348435 413.079358 1.843928 0.125000 0.432253 
1478.470354 492.196715 1458.826857 489.082352 10.268110 0.125000 53.311419 
1598.103379 383.910016 1579.367591 383.393989 1.628089 0.125000 3.083898 
1969.421671 710.768099 1953.095286 710.079720 2.241385 0.062500 0.436329 
78.058840 182.383452 38.102935 183.710794 5.748526 0.125000 31.383955 
190.239290 292.097481 177.609410 270.201385 8.703067 0.125000 58.494535 
807.112427 362.161350 752.369484 326.081548 19.948561 0.125000 432.170227 
1416.796468 670.626571 1416.096027 635.615576 2.799535 0.125000 20.036768 
1473.161223 679.459517 1461.846624 684.308791 3.446776 0.125000 0.386167 
1011.564542 420.561846 1019.431984 381.886592 1.888579 0.125000 14.809991 
1634.380491 814.328657 1610.521111 811.501875 3.217973 0.125000 4.490683 
1824.478611 833.492432 1804.461002 831.142424 4.015914 0.125000 10.505210 
1843.082307 506.647167 1831.761364 508.768577 3.455618 0.125000 3.780805 
1839.674361 741.893713 1838.268466 764.383968 1.637499 0.125000 5.311785 
1998.852884 378.007125 1994.614715 351.836180 1.668554 0.125000 2.903007 
319.259500 776.898556 330.574844 766.818697 3.427742 0.125000 3.952591 
812.715192 368.482560 802.661948 356.960276 10.582101 0.125000 73.033494 
1644.369886 488.740244 1613.111844 488.992087 6.360576 0.125000 41.194298 
1858.530407 731.859997 1859.687008 763.113453 1.480281 0.125000 3.746421 
1785.726535 728.791111 1727.007115 737.741724 1.929113 0.125000 15.772221 
586.809207 769.681258 595.943265 771.643512 3.666351 0.125000 1.315273 
724.370343 806.862104 705.786840 813.573149 1.502223 0.062500 0.771518 
1740.663494 773.479957 1716.787616 776.069226 1.946353 0.125000 11.633415 
1818.041221 748.123787 1817.679336 773.118547 1.430830 0.125000 2.602515 
1239.460135 707.944976 1223.281536 700.293993 2.076335 0.062500 0.917403 
1582.326778 772.248988 1574.873339 781.252765 2.423162 0.125000 1.699425 
1934.437701 496.593548 1893.280974 487.424860 3.787071 0.125000 35.066684 
465.654379 562.208859 484.369455 560.561989 1.464334 0.062500 0.521528 
830.567331 756.882274 827.734743 734.424222 1.553698 0.062500 0.917403 
264.741825 291.595585 225.461124 306.441399 12.107169 0.125000 169.242802 
668.762844 819.489700 668.053616 807.975408 6.929815 0.125000 8.041163 
748.010747 616.396203 731.789568 620.266983 3.702909 0.125000 8.095981 
762.919784 611.201991 748.149621 615.705745 3.485044 0.125000 6.288067 
387.543480 791.076927 393.955966 781.591712 4.171377 0.125000 0.681697 
546.854725 557.475313 530.620535 557.981937 1.561312 0.031250 0.494760 
118.365765 175.935016 105.779719 177.877487 7.984227 0.125000 6.631937 
225.403071 306.366870 210.979304 313.811458 8.957873 0.125000 35.159481 
276.719436 284.902377 266.304052 292.323709 11.478267 0.125000 9.579204 
595.595268 769.206526 608.145584 766.991634 3.041200 0.062500 1.427259 
1631.765422 822.364826 1605.520211 826.148051 2.474424 0.125000 4.718942 
289.773341 280.440350 279.359697 284.334073 8.195825 0.125000 8.845066 
570.880699 773.027807 585.441593 769.798119 2.715937 0.062500 0.883995 
819.352014 658.084960 790.711926 674.526421 2.469273 0.125000 7.789538 
92.314725 262.403778 103.499244 259.638895 4.240370 0.125000 0.681697 
692.010161 629.922709 664.634915 636.678247 2.458493 0.125000 13.956698 
739.216160 316.068218 728.766386 312.323241 6.060408 0.125000 6.097726 
1871.896451 485.915195 1855.550966 487.123461 2.861794 0.125000 1.495124 
731.604427 620.788645 691.888804 630.680424 3.336731 0.125000 24.015816 
299.579390 333.109286 299.278600 353.123551 1.250000 0.062500 1.699425 
197.075195 304.969893 192.642877 297.148205 4.640127 0.062500 0.382338 
