#ELSD# 1024 512 pano.pgm (width height input)
# FORMAT:
#   line <x1> <y1> <x2> <y2>
#   circle <cx> <cy> <rx> <ry> <angle_start> <angle_end>
#   eclipse <x> <y> <rx> <ry> <rotation> <angle_start> <angle_end>
line 144.338537 405.440535 125.567742 404.798185
line 789.959631 265.643623 792.163054 344.366938
line 748.327898 166.895300 747.770280 138.131877
line 821.917283 279.584346 796.684304 284.680860
line 355.621153 268.207870 385.614536 269.600381
line 963.562865 164.976649 1022.356444 178.537716
line 0.252627 179.184456 38.712907 192.702319
line 400.622602 486.615749 373.113393 486.870210
line 590.462040 468.830642 630.355154 478.043477
line 34.353106 473.538082 0.565517 471.747296
line 264.416264 228.548862 290.660913 225.993905
line 302.702978 206.768794 263.436494 192.280768
line 420.683058 242.987760 399.313545 242.093419
line 812.096472 305.617060 811.290850 283.145943
line 751.396236 344.382871 748.539708 170.638733
line 203.390835 406.628709 245.579924 395.454808
line 788.043200 170.597997 789.951841 253.169454
line 735.704758 388.014603 713.208797 386.695706
line 1005.336037 280.485624 987.727148 275.904138
line 750.526964 394.603793 729.405640 385.553494
line 134.360472 411.603969 194.522629 408.379202
line 665.626132 486.424305 620.623276 486.311236
line 1022.080789 201.092895 976.543420 221.121098
line 550.521217 462.522392 565.926853 464.992052
line 539.271742 347.923900 555.686770 339.495300
line 795.033708 283.127046 794.934211 254.373065
line 45.607635 288.262183 56.991683 289.703203
line 793.756737 345.854497 833.181978 321.969048
line 50.671253 421.712158 63.552235 425.370857
line 924.419654 212.477967 904.371050 212.961110
line 829.048122 283.133374 829.432938 298.155537
line 717.275069 190.821670 747.051737 166.794893
line 591.867186 430.576534 610.534984 427.566696
line 680.625262 380.781356 699.375209 380.749969
line 609.445138 425.882022 585.688421 426.987683
line 84.343196 429.750096 131.819835 433.775610
line 23.130827 263.267072 36.908918 262.701969
line 884.391358 161.446073 963.169794 164.450456
line 315.737730 214.179250 303.107383 206.905591
line 713.305453 358.740302 694.642488 353.434178
line 195.446943 407.133601 202.930064 405.789621
line 716.110310 295.610293 717.399397 338.146990
line 683.117241 284.066261 703.136488 284.231276
line 699.466622 432.035255 740.704980 429.356054
line 84.159647 290.626776 83.479222 208.132389
line 553.175769 188.087744 564.705747 203.799584
line 832.805108 319.387020 829.844945 240.607342
line 629.369548 493.094160 686.879578 493.351325
line 533.454443 358.840524 553.152553 368.066169
line 571.619449 205.454126 537.620334 211.569038
line 696.850676 378.628678 675.589894 377.601933
line 641.308991 408.946680 631.182671 392.775783
line 115.602218 429.665627 87.978005 427.500209
line 598.418699 452.217272 556.916755 446.568239
line 716.027426 169.371939 715.950678 190.626176
line 856.895306 430.749123 789.417257 429.532090
line 709.309850 389.336868 701.082830 403.392968
line 350.574946 220.963113 421.872313 223.210265
line 899.286195 82.201393 847.910221 87.141225
line -0.123248 402.396067 45.231020 421.557533
line 345.591090 242.488840 326.829293 241.452395
line 59.218728 287.749571 83.316123 292.055381
line 881.386313 232.320742 867.893820 219.548709
line 559.427285 426.662122 579.447626 431.579303
line 846.990346 87.319022 804.135163 98.451753
line 975.771683 87.833113 913.125151 81.873410
line 537.500448 212.258096 525.416256 214.499680
line 605.542772 381.846070 620.650829 382.348809
line 446.994617 418.506951 466.990774 412.244680
line 555.662789 447.457079 506.794151 450.629630
line 263.006649 192.323882 234.584566 184.830163
line 805.911433 97.470069 761.109711 119.035099
line 1000.689339 259.921970 1013.085517 261.056425
line 236.885379 262.305624 258.123041 261.793731
line 630.887276 394.138796 614.486275 391.244452
line 398.215742 243.623664 386.819143 243.106934
line 560.510132 363.708201 539.342692 359.539031
line 875.569734 377.743932 856.850882 380.458701
line 1011.715391 97.495906 972.955989 87.532483
line 549.505843 420.407605 559.055771 426.155398
line 705.463258 283.994033 715.734134 282.975476
line 811.020338 396.258340 833.725961 382.085225
line 386.916294 273.085922 361.860178 273.940367
line 146.813172 433.584570 191.928241 430.055647
line 347.261360 258.232659 348.949172 271.772261
line 613.023724 391.582431 586.491413 400.766884
line 316.889049 312.773336 301.763375 312.169048
line 89.347384 427.007832 46.864465 418.175675
line 574.506865 452.946310 596.240563 468.984727
line 43.259117 239.371594 44.466251 286.904427
line 996.886026 230.668142 1022.152491 224.210770
line 324.715342 232.109963 348.720095 240.094027
line 444.095140 281.149336 466.279778 292.990189
line 466.905525 396.753897 456.910396 394.234570
line 64.253885 425.013297 84.703538 428.893543
line 955.628386 231.051273 934.369798 231.220152
line 9.393652 261.611732 20.851814 262.423499
line 483.119200 279.180090 464.348625 279.738632
line 716.910078 389.190416 751.088572 395.685638
line 735.707831 426.477301 694.390399 427.498203
line 460.805286 213.363383 390.653205 207.771177
line 264.310485 267.423803 284.327749 269.776943
line 549.495910 335.053002 531.878739 335.723263
line 266.879166 230.478983 250.606748 230.014661
line 893.207088 344.716799 874.344258 349.246997
line 462.725585 415.141595 475.678232 404.439426
line 374.464498 487.056851 361.935317 487.839990
line 208.164227 468.784885 139.303044 464.207496
line 820.882684 186.419188 788.221268 167.954714
line 693.338619 356.099988 713.527502 361.664719
line 694.160701 350.419920 682.538896 362.564107
line 579.376687 426.868315 553.215683 420.265694
line 791.337741 430.708966 778.496404 437.570120
line 1022.240478 101.812415 1010.316860 98.492385
line 615.366665 378.438934 601.981873 376.227999
line 889.677171 208.137748 888.887570 226.854437
line 754.206602 413.491166 740.373325 422.748939
line 745.402650 171.598686 716.204143 195.094701
line 929.493067 455.231126 903.000652 447.289830
line 571.876036 457.887250 550.626440 457.794639
line 949.884986 338.930908 929.718473 351.692455
line 282.078302 399.883420 234.662378 418.843676
line 191.930273 427.682548 148.128805 430.680586
line 524.319431 214.072145 502.481785 224.244118
line 851.408598 391.397419 863.887467 398.932415
line 611.174819 468.903445 596.169661 451.407869
line 95.693663 476.541171 71.674300 471.600770
line 745.426051 140.425257 715.996383 169.737884
line 778.199337 440.613979 778.261837 448.123861
line 390.650089 207.963336 339.340908 209.146161
line 884.390070 226.965359 873.089548 227.031102
line 540.849143 389.550828 547.955375 380.491938
line 110.471617 411.179719 120.533452 408.960017
line 358.122315 494.066205 393.130537 493.761847
line 168.134794 264.604779 209.416354 262.845244
line 658.221581 332.730302 670.881182 335.828063
line 630.748898 376.629739 618.132463 378.185524
line 884.312819 494.510881 919.354333 493.589226
line 108.102569 263.803185 161.890587 263.140921
line 928.021152 353.727579 943.006910 356.310219
line 265.654367 409.436510 281.317947 401.958229
line 276.457347 163.385356 294.270301 160.063559
line 506.791100 392.209079 492.970972 388.738320
line 601.837593 396.467517 620.317105 394.771075
line 717.791522 321.607238 750.967956 345.141533
line 456.754492 394.112967 435.515547 391.522333
line 893.506436 274.517506 894.401715 264.268146
line 871.246770 281.625586 891.620403 268.965289
line 975.703804 221.666998 954.636310 213.685280
line 466.710046 293.500925 495.417600 306.097657
line 425.851086 371.253365 442.938073 365.105471
line 285.710208 471.414634 248.171282 472.982860
line 551.914151 371.109612 534.366664 371.505667
line 549.612486 188.946145 512.824435 199.585751
line 913.132618 82.685314 899.378184 82.736173
line 228.127827 225.601133 210.431926 223.504831
line 178.003764 276.120070 166.631927 267.184340
line 391.846084 405.675387 402.066794 411.540791
line 485.536465 270.582794 501.881893 271.780960
line 0.600419 261.671873 9.390194 261.523186
line 167.803225 299.429627 168.695893 284.261469
line 119.287850 409.745617 133.199280 410.493717
line 420.596772 438.021561 404.520651 442.408717
line 323.772167 273.132085 323.909288 260.606218
line 620.110930 393.506898 640.269053 410.595880
line 535.662585 451.128235 574.502935 453.083075
line 901.414888 448.109597 919.960915 459.686362
line 875.605369 493.686540 891.877781 493.222547
line 49.332937 128.469956 0.393241 101.038475
line 827.484699 214.189793 790.928660 198.660197
line 259.965692 220.151568 232.697674 226.197789
line 673.703082 422.283901 685.542280 427.079227
line 700.590760 483.189536 715.645664 483.581669
line 561.340829 204.789231 549.852284 189.974215
line 830.103040 240.633417 829.336915 193.125614
line 35.803428 228.027765 0.488619 233.493887
line 286.566798 268.140913 287.664394 289.398782
line 477.172616 381.601214 487.294633 391.476144
line 472.451947 200.672714 455.635678 208.149018
line 117.333069 415.718643 118.662241 426.959282
line 778.445305 449.019583 794.318537 463.324678
line 952.594164 467.843724 938.858768 460.317073
line 894.524411 484.708638 869.394302 487.079582
line 40.339691 292.493429 29.120505 297.561641
line 352.086524 368.018821 373.304390 364.095055
line 43.023164 196.848997 43.306751 209.370884
line 278.220688 243.128558 277.756515 255.611298
line 1011.503262 262.797215 1022.930492 260.104873
line 801.874009 253.144365 821.885576 254.168315
line 834.778970 266.873039 834.651515 240.617590
line 160.905501 280.621995 160.847379 299.375689
line 505.638192 449.910809 486.838037 450.373677
line 383.299911 450.944158 370.526173 457.944672
line 979.356528 276.961461 998.054267 280.956080
line 918.149471 487.921693 905.383059 486.385086
line 290.835784 286.888177 291.852526 270.623595
line 533.145347 371.154084 511.878729 371.971955
line 463.123036 265.921925 476.872434 266.012870
line 683.695454 263.256563 686.396821 277.209583
line 682.769014 366.240423 696.427911 358.578024
line 807.857383 467.217012 785.408719 449.651405
line 209.438721 223.135275 145.600378 219.854037
line 866.633157 235.675865 867.782532 269.386677
line 138.286329 485.798879 119.378901 486.939659
line 417.256309 344.035295 431.799003 337.943574
line 627.402472 356.889055 643.250278 363.652519
line 789.118031 381.914785 782.581388 134.323350
line 355.870536 341.470797 380.820967 338.547689
line 41.324420 416.870944 -0.118460 398.557425
line 466.877032 454.134102 504.395450 454.450564
line 792.591816 350.591580 793.815738 376.842795
line 990.555950 478.903989 976.583332 477.665443
line 625.544367 340.200509 642.893267 336.905045
line 8.156882 480.136308 31.887429 481.684484
line 158.122501 277.169438 175.631848 277.318027
line 832.932411 170.653200 885.313144 162.396561
line 308.899220 225.580591 309.229350 240.628195
line 961.629506 373.858084 945.463775 381.535522
line 702.905213 410.540190 709.011025 394.716895
line 755.870074 121.921089 716.690210 157.923903
line 552.412633 269.354587 553.235784 240.628175
line 449.533834 395.056955 464.418630 399.218965
line 961.079502 231.860892 962.167272 266.904728
line 680.848066 275.629210 680.622561 220.619886
line 485.625023 451.839316 464.375033 451.825330
line 526.764301 211.336631 559.178946 204.671525
line 644.464999 349.628529 621.724496 357.701024
line 458.217624 429.886773 431.704913 434.685225
line 762.041927 119.101052 754.457612 124.491240
line 161.878842 259.816821 139.369674 260.012561
line 357.657544 253.047094 358.791075 264.433132
line 592.045852 345.395605 565.569531 347.387824
line 581.814678 405.402647 597.898296 401.039343
line 258.364763 167.989555 275.604755 164.280890
line 339.267147 212.131140 314.204885 213.335776
line 135.653939 307.595482 78.052723 304.447529
line 454.545174 361.104062 425.552317 354.704274
line 785.221751 133.751652 815.222917 153.057330
line 1022.047061 295.053889 1005.422999 290.045489
line 1000.554590 310.325360 985.947751 315.319063
line 906.867652 484.533379 895.621193 484.502293
line 918.132168 493.376665 950.605825 492.451753
line 508.141125 374.924923 536.903048 374.081579
line 894.419317 418.317219 906.835699 415.454540
line 38.462121 263.168730 39.779322 290.665511
line 588.021169 341.546168 570.601589 339.582697
line 798.071665 435.108722 855.594705 433.371737
line 492.987019 189.013510 472.088076 199.880905
line 367.348657 238.444532 356.879894 233.115386
line 921.906748 270.204360 949.414290 269.151371
line 917.980918 330.137367 937.975471 333.916188
line 97.571808 409.606350 109.351284 411.992097
line 509.706099 454.836460 534.037287 450.129352
line 252.955983 413.709445 268.058987 412.376846
line 855.645690 384.495511 884.197919 379.593562
line 393.062814 229.983728 401.848819 230.881282
line 149.628994 269.304511 154.173766 285.680846
line 310.632146 280.653599 327.985775 276.317768
line 458.108470 411.824202 441.943163 417.084472
line 138.347091 463.733839 100.123514 477.676969
line 776.904140 481.069946 799.419886 481.884922
line 58.592179 403.370350 99.882455 411.925972
line 37.305229 216.859901 37.657297 226.891415
line 192.976996 429.864769 226.901339 423.260292
line 380.580009 482.448421 401.797470 484.113145
line 15.698243 300.369124 0.180663 295.927297
line 1022.337834 232.673235 1012.796230 233.644201
line 971.461405 273.096442 970.010540 230.603300
line 497.833045 329.856043 471.996284 314.175165
line 436.956722 364.615019 420.487909 370.222363
line 190.618401 206.919390 263.005304 217.680182
line 468.037815 285.118854 449.252856 282.917117
line 284.342538 295.518092 266.929779 300.805405
line 151.989336 300.005462 136.893140 300.923342
line 564.718416 39.592144 531.964836 47.258801
line 804.955162 201.918298 803.657360 181.840589
line 211.876721 265.755757 225.640787 265.574617
line 45.631623 296.818806 109.380014 304.332456
line 380.460197 359.772597 364.381963 353.108201
line 153.088702 479.735168 186.833542 478.358656
line 503.451951 266.876551 503.617956 231.877338
line 865.631339 265.014081 851.882692 265.150453
line 260.972198 250.723408 259.312320 235.495579
line 684.285663 214.373663 683.556021 263.131450
line 877.682334 351.026678 895.699015 347.225848
line 425.906331 391.050869 460.310794 402.795433
line 28.923694 190.589737 0.203469 200.674532
line 893.479515 263.131999 893.501001 254.369792
line 901.614860 324.552833 881.581084 329.413624
line 71.821019 472.480801 51.856460 474.153749
line 945.695892 488.985791 924.384548 490.740931
line 1006.244352 161.599663 1022.346738 151.367366
line 384.082845 240.125685 367.993403 237.776180
line 27.417573 392.791857 59.368678 403.223128
line 793.001888 173.344410 821.802379 189.504425
line 716.132715 285.403291 714.987619 295.693174
line 819.341146 334.325859 810.487466 340.425364
line 41.406530 179.039799 24.863638 170.883882
line 153.175641 416.192728 188.231217 413.065768
line 145.250863 220.204502 117.970415 222.651838
line 809.321488 340.527063 793.125675 349.376235
line 80.706483 207.399475 44.362704 213.045852
line 494.407945 396.971473 465.560562 396.576060
line 995.398829 282.846402 969.670441 276.856082
line 949.140199 386.622432 958.244304 378.158748
line 815.471181 152.659862 824.373785 151.861447
line 832.006435 213.124192 832.152388 236.873295
line 280.690835 293.350090 303.438487 286.696816
line 135.655018 301.028960 95.661014 299.609952
line 923.688093 465.628515 940.566972 473.253453
line 85.552821 190.626256 87.402926 296.931076
line 1000.585832 246.882823 1003.082725 259.383444
line 309.299348 245.689245 309.844268 278.138111
line 538.648390 374.727926 541.820461 381.258636
line 236.926611 496.121773 124.377133 499.447200
line 817.625777 208.152794 816.511852 188.145218
line 714.328321 280.625301 713.601927 168.121921
line 43.124626 220.593308 43.569771 238.145422
line 3.964100 291.880506 3.695924 271.867350
line 1013.167248 307.415173 1003.033706 308.207745
line 180.557578 477.260097 208.089067 482.080239
line 0.675752 271.873145 1.316199 289.395424
line 480.684361 282.906316 469.328088 283.559971
line 466.534732 403.952634 457.269817 411.416669
line 553.802358 220.651273 555.066689 248.207967
line 986.971943 259.553953 1000.722433 260.798544
line 944.294068 388.446343 954.827665 393.415430
line 238.233814 180.773531 247.124897 174.259870
line 793.200226 196.695530 801.979604 200.375441
line 375.267604 289.463586 385.982912 274.633607
line 371.827928 459.168463 387.170531 455.671682
line 533.080626 180.322689 511.739976 183.455098
line 807.124099 183.116359 807.817054 203.092321
line 873.134094 400.617432 861.259064 386.347355
line 801.895612 474.183297 787.067037 472.588936
line 612.957134 364.894127 631.858441 360.552902
line 283.153642 483.522965 304.382668 483.812227
line 539.903176 356.658525 550.849572 351.064438
line 670.495755 350.683093 685.717670 352.187080
line 391.920842 338.016565 374.384364 330.602850
line 69.382239 460.905366 44.366641 461.551221
line 531.926472 176.365470 511.936173 177.755035
line 435.621323 281.116921 444.383244 281.074418
line 786.881167 472.955807 768.156041 472.273329
line 123.113852 499.661904 0.556037 494.899868
line 500.670746 218.300758 524.437427 212.114849
line 855.101426 253.134816 855.321192 236.870895
line 991.871872 323.415466 973.110588 323.213449
line 438.220438 336.467195 419.334654 332.047399
line 325.621081 410.524280 345.639410 409.745309
line 573.039880 336.283624 596.836630 332.858423
line 234.376173 419.381267 192.940357 427.138748
line 300.258699 157.687925 231.772517 126.828334
line 231.406265 184.709120 239.354016 180.641572
line 708.919358 219.380688 709.652896 278.137136
line 557.942833 275.613094 561.695387 218.194955
line 281.812638 290.014191 250.632411 293.197593
line 91.866573 494.529974 174.377644 494.791868
line 289.375006 220.640031 260.624517 220.651377
line 833.916866 348.232326 832.498862 325.664342
line 943.409870 290.749751 964.546561 288.455737
line 682.965994 327.368028 669.294104 330.239880
line 39.178864 193.342188 54.344091 190.462241
line 115.654044 245.548843 116.478689 259.398597
line 830.909182 326.040360 819.751007 333.674572
line 344.734596 409.408496 356.974267 405.979311
line 790.773964 438.517507 799.666348 435.142677
line 818.090450 478.373968 833.147417 480.463463
line 763.061787 486.434004 788.120225 485.497269
line 819.659924 191.870154 819.936208 208.115456
line 759.469276 385.268975 788.294173 382.229198
line 508.023221 180.802574 530.675090 178.652794
line 938.135465 246.507830 949.383885 246.374490
line 16.878141 267.824007 0.616868 267.654329
line 851.818491 270.427229 835.474206 275.097247
line 859.403489 288.875991 836.834323 287.587483
line 288.094666 305.759678 273.015022 302.363290
line 565.646234 475.722633 591.748979 470.045564
line 228.129240 264.434289 238.167296 263.716479
line 965.523906 286.893402 1000.799253 283.997886
line 309.385553 408.051435 324.434498 410.210242
line 797.258001 167.515877 821.038020 182.468134
line 289.487596 237.556352 261.862865 239.166841
line 306.894461 284.189862 366.758592 290.482439
line 891.491249 361.155024 880.547770 353.231668
line 505.355212 348.570469 483.022862 345.016883
line 834.384313 161.270463 830.386207 176.813576
line 511.871259 200.610034 488.930008 206.344891
line 1001.615386 387.256940 1022.849981 401.690625
line 630.654992 477.754454 639.448558 478.466194
line 791.205166 198.145412 790.480938 174.379390
line 892.850541 254.517448 893.657552 241.909087
line 548.918469 226.907676 549.851114 275.615884
line 383.069066 267.351217 368.128365 265.596355
line 431.116442 293.142370 433.149317 235.625859
line 301.878703 290.637963 285.534048 295.306579
line 31.853588 294.518622 5.627427 290.608718
line 169.410722 300.656588 153.111053 300.886588
line 369.601602 361.986559 346.695877 365.798721
line 245.362431 393.896341 251.748023 390.393522
line 888.114235 506.557820 791.877052 505.447164
line 986.052913 229.100156 984.684599 239.416066
line 937.162427 350.106507 951.200821 344.590475
line 436.753994 437.634063 459.417623 432.047926
line 220.748247 295.570840 171.745779 300.621193
line 901.556048 230.026962 885.138872 227.273861
line 850.538169 238.130729 851.600274 254.228177
line 718.514935 155.643403 711.244581 163.986329
line 497.957300 195.257590 508.121850 190.618098
line 515.876019 201.619580 525.962162 211.531927
line 713.084305 295.905799 691.871703 296.796477
line 715.777838 332.810010 699.552715 335.462197
line 795.117909 377.391646 809.098218 367.724718
line 359.649399 400.227397 338.242933 385.454115
line 707.759222 404.183856 721.394958 392.797025
line 861.869728 420.077240 885.618389 420.255546
line 963.125817 499.361018 833.125048 499.446988
line 207.895090 262.297623 228.143898 260.898499
line 955.536293 393.176587 980.590304 394.884087
line 739.767739 141.276180 756.105888 131.422336
line 176.840726 282.513189 208.132575 280.760217
line 83.359543 295.766365 45.488227 292.000430
line 508.364931 190.032191 525.417466 183.806549
line 826.137737 151.287372 835.017334 161.170940
line 123.990138 220.007815 113.104020 204.748223
line 482.728177 202.261860 498.040435 195.222152
line 258.160628 297.091920 280.469425 293.427790
line 675.138761 417.392120 665.504174 408.332888
line 234.470436 420.908212 252.077231 414.975133
line 883.136511 417.340980 860.650232 417.896446
line 245.730580 171.397527 183.508872 157.638976
line 493.282009 231.380026 512.002290 227.487111
line 106.592358 261.845589 105.795015 235.619831
line 354.373702 274.379927 341.761191 271.056969
line 546.688768 354.573810 574.425473 349.659896
line 956.717793 356.188613 946.469162 353.330001
line 813.984506 363.859458 828.738110 352.684447
line -0.641683 378.003080 27.586675 393.038897
line 818.361011 389.075216 799.530780 393.752193
line 720.471320 481.554338 703.034722 478.670934
line 214.661866 153.444448 258.485898 166.954297
line 55.811313 192.596750 42.012771 196.158707
line 867.431911 217.314311 857.168100 214.540469
line 178.156842 260.158015 163.056583 259.128376
line 504.480059 282.262418 492.012756 280.743955
line 742.013214 426.253354 727.239630 417.508961
line 715.899726 195.621523 717.023330 284.388945
line 832.880968 258.130831 833.836913 298.137857
line 250.148256 293.570128 242.342453 290.632776
line 598.220202 330.295306 576.939314 332.496720
line 258.053776 480.385891 275.573484 479.547925
line 508.446897 264.393204 510.357381 230.609866
line 905.508987 256.882088 906.654876 275.638448
line 455.777855 313.256439 454.862895 296.917677
line 664.924909 491.472280 659.854100 487.282369
line 640.706125 199.136843 577.908262 204.171714
line 292.391342 258.116203 292.840925 220.621594
line 950.003024 248.088395 951.100646 266.920134
line 418.122246 355.635154 436.535044 360.628560
line 394.499612 446.415699 382.110325 448.368211
line 510.889730 183.748568 494.423464 190.739156
line 474.285776 329.891882 459.510276 327.341335
line 328.170927 407.644059 310.592491 405.965432
line 671.301359 330.199835 662.851650 327.863696
line 337.510047 342.561581 326.149968 354.960727
line 979.372942 486.919383 1004.377151 488.078613
line 195.455969 488.642432 154.253265 490.796921
line 116.875146 205.613759 189.411579 206.554479
line 338.824823 209.743450 320.785488 195.422837
line 458.202149 219.918497 436.932776 217.595910
line 459.178938 229.368918 459.450087 220.627329
line 997.187132 258.233477 995.282918 241.769988
line 640.623688 333.121090 623.763112 338.777184
line 681.866172 363.249462 661.789852 361.825495
line 786.744040 444.113496 790.868537 439.444305
line 950.613138 212.787750 930.593938 213.491877
line 834.381300 282.291985 869.369638 282.397803
line 349.655627 403.056515 328.697275 408.034432
line 558.148803 46.790792 549.391838 44.315433
line 836.804681 236.777550 849.465899 236.116802
line 396.640052 383.920743 375.284280 394.966239
line 780.820864 392.434784 766.782469 388.451073
line 986.415302 312.134914 978.177430 305.559315
line 565.443626 339.983019 575.653721 343.028720
line 395.581192 493.683910 429.432878 491.538041
line 713.867835 167.620948 739.415637 141.915387
line 235.237015 292.395152 224.403071 294.518246
line 555.316143 321.509111 566.198220 312.323249
line 580.389952 431.664846 593.394478 432.999732
line 125.630113 506.417883 34.377549 505.397134
line 0.406270 223.351648 35.921186 215.760741
line 659.066057 214.389982 662.041076 275.738181
line 706.259178 273.130880 706.769202 218.124019
line 998.221466 290.347705 1016.159660 296.588105
line 66.912425 302.855963 45.895247 299.932292
line 44.376795 210.636424 80.711567 204.925793
line 865.803790 306.033459 844.455136 301.497809
line 258.285016 471.237420 279.705668 465.640549
line 532.180535 48.677037 564.964518 63.028308
line 625.849773 173.258809 549.581627 185.647091
line 617.356367 230.432954 621.618794 213.373304
line 356.139775 351.260105 366.445614 359.887899
line 24.978989 169.722574 44.131736 162.481558
line 626.872455 210.873053 685.629095 211.475960
line 937.759266 265.639006 937.084569 248.021233
line 76.891202 489.065051 26.831963 486.448318
line 201.872832 200.637108 259.321144 210.925715
line 138.123656 240.895052 174.372759 241.075425
line 313.100222 290.858990 364.436400 296.295172
line 22.880867 298.776748 14.068136 302.373027
line 187.973201 148.961191 214.264444 153.734001
line 488.291887 210.143044 471.227135 216.341340
line 110.607614 303.880814 135.623131 304.456254
line 558.187048 314.545133 536.615123 322.412424
line 939.129210 480.088713 948.054226 478.860646
line 609.301061 492.497831 628.169701 493.242763
line 535.624552 506.278076 126.875602 505.997645
line 134.347936 146.532654 184.303523 148.022187
line 76.877610 303.695408 66.866381 303.741213
line 329.398686 384.334451 349.754594 396.225166
line 281.893619 455.608924 258.681291 428.723944
line 397.241234 479.958868 385.531723 473.521072
line 965.524938 392.289600 951.961608 389.016148
line 995.682875 484.300960 988.431961 478.633155
line 265.651098 494.676558 238.110462 494.349621
line 1022.585985 155.588788 1013.345514 161.001459
line 473.125063 348.124154 491.956648 349.535821
line 1022.259135 397.572318 1002.586818 383.899320
line 891.888656 234.263060 931.867900 233.783338
line 232.125803 127.974072 199.256309 121.201005
line 703.753073 177.702233 684.855496 205.502203
line 457.395843 279.393087 458.959669 234.360577
line 463.127131 499.039952 305.624823 499.194976
line 51.847819 477.126558 35.575849 477.569539
line 341.844546 249.819838 325.670354 248.712526
line 257.196731 430.440120 264.148129 442.537068
line 408.081358 443.919268 428.255462 441.987359
line 13.063028 451.470453 40.867962 447.211018
line 607.108802 47.701469 587.978253 37.140832
line 574.944665 236.473342 576.964726 220.478464
line 853.273208 232.505108 838.169939 231.308024
line 669.174371 213.122302 668.552146 259.397551
line 685.333771 336.656582 695.576123 339.548132
line 126.919275 393.574388 149.350675 394.814871
line 552.118856 474.189281 535.911786 471.436525
line 859.253083 477.438167 835.273853 472.247048
line 164.387981 304.509483 226.908741 298.474550
line 540.215492 457.790990 551.344211 462.766265
line 689.046475 214.258068 692.483875 278.092213
line 204.421549 303.769029 159.295899 307.030590
line 656.942942 351.641627 678.545450 357.930809
line 668.593710 385.546603 693.571441 394.359718
line 141.733372 421.845163 121.838674 424.046735
line 40.226842 213.128487 40.298503 195.623663
line 556.076157 239.423972 558.265492 219.254566
line 462.118033 278.260992 463.052241 268.004517
line 0.565726 292.139514 24.247010 297.446163
line 970.603670 324.403609 1021.513463 362.359920
line 831.980677 373.010518 841.741027 382.020136
line 817.960931 402.664072 852.998339 399.304169
line 912.204995 414.189154 931.431848 408.226886
line 59.537212 440.302106 31.793011 445.156403
line 939.243754 461.371496 925.758378 464.886680
line 1021.876110 506.139184 888.124035 506.428012
line 284.118876 258.112980 284.821290 243.145945
line 807.492709 276.916733 806.583681 263.144228
line 619.338897 350.806084 636.890796 351.248878
line 826.956755 397.472048 806.988831 400.206293
line 709.042243 162.696733 703.498204 177.318602
line 765.642695 470.770528 790.877568 467.702183
line 43.541448 165.888566 37.592600 175.288049
line 215.624329 190.332699 235.626071 190.346714
line 969.443419 274.690109 924.370188 273.278652
line 656.807786 385.282929 666.937347 386.032824
line 838.134759 397.748037 828.076778 397.487648
line 803.118255 400.616457 790.555129 410.536513
line 630.828686 429.958548 599.472201 440.903473
line 464.914263 211.004840 484.059151 204.670394
line 279.271692 216.865553 296.961301 218.338664
line 347.808869 320.602212 319.640095 313.345908
line 466.500172 312.418884 485.637087 325.607462
line 690.898312 390.110762 682.003485 385.383255
line 666.641288 403.250631 692.980503 407.725513
line 744.311745 423.781640 761.770149 425.463440
line 785.384801 458.542639 762.949520 465.016910
line 856.858763 324.273408 841.842764 326.673301
line 874.422017 376.421607 891.864075 378.230349
line 563.039064 217.363247 610.638358 211.993410
line 324.942788 223.231118 339.783046 219.997911
line 376.025589 235.194640 365.604373 224.394904
line 518.760737 248.106225 518.205317 229.298798
line 327.901565 346.671044 341.620084 331.642308
line 895.690088 376.391272 877.840481 373.989529
line 840.991911 416.780964 869.273203 407.804284
line 583.047370 446.322360 610.704002 442.437408
line 0.576010 489.022157 90.716773 493.944342
line 86.980373 121.060185 61.649484 127.193626
line 124.427337 195.922557 200.721716 200.114930
line 983.625676 193.008255 984.881570 211.841219
line 879.381522 369.382241 889.254217 360.490886
line 985.697036 240.587089 986.200506 258.144342
line 846.533484 382.241037 836.154573 372.557404
line 603.624756 375.906799 595.580093 371.966687
line 681.847093 435.260365 651.831575 437.557611
line 106.861536 490.856659 78.135920 489.187115
line 980.623046 489.267945 946.884282 489.883647
line 626.942131 389.516250 644.609970 381.119402
line 599.325858 441.030662 549.494661 443.930955
line 920.487850 460.317420 928.138768 456.905877
line 924.399333 503.967462 1021.926284 501.150515
line 0.244097 217.855823 37.885075 208.418096
line 506.858304 283.237429 584.139085 294.713648
line 158.145641 307.082056 145.625806 306.834269
line 665.589381 364.757896 678.097420 365.921475
line 860.828246 406.106018 842.677876 413.775150
line 465.762597 418.316204 429.366984 421.791037
line 295.454167 456.692217 280.544912 470.626748
line 725.479965 477.179427 740.697378 478.599275
line 810.988905 172.689408 801.530385 164.787502
line 103.640822 283.150131 104.436586 266.817099
line 435.290760 231.864320 433.772049 279.395674
line 691.938513 403.612193 670.628094 401.837842
line 739.315573 478.194910 749.389446 478.073480
line 264.330501 208.351220 206.842004 197.042742
line 674.352893 282.594865 580.614524 279.716109
line 96.679724 300.590937 95.613880 189.363128
line 145.618762 304.058242 163.126335 304.175259
line 750.412552 348.490755 739.829019 342.343349
line 0.573873 451.833903 11.905103 451.385192
line 516.717982 266.894629 516.420863 245.596459
line 801.863101 396.538431 823.174849 395.784964
line 834.491258 426.180209 876.851045 433.268165
line 751.874842 508.671066 1021.874819 508.749391
line 61.366204 160.237718 44.344633 165.527281
line 175.178512 238.093373 175.341577 229.346413
line 676.896036 214.374426 678.464136 271.865750
line 700.545033 379.431725 715.644757 378.419817
line 265.869812 443.663393 271.146565 453.515161
line 440.589485 485.333858 420.582235 487.774419
line 199.639854 118.467414 109.372961 114.420491
line 598.159350 401.157654 611.932681 400.269427
line 614.339936 440.508062 624.202784 437.550664
line 403.997102 444.324894 388.139013 439.330507
line 271.030724 303.114072 255.615660 298.154026
line 300.845248 312.134148 280.727823 307.662418
line 534.316738 316.716679 555.868159 308.785760
line 637.185727 383.086741 606.059264 391.068500
line 799.834026 409.383917 809.465143 405.872224
line 781.652152 425.688976 777.293061 410.504981
line 880.720062 429.864831 834.412649 424.073935
line 55.832071 127.411501 49.132702 129.997228
line 233.164990 240.497331 194.375106 239.371362
line 310.663556 309.387897 310.463680 290.613410
line 943.200652 296.188708 994.367865 289.321834
line 976.663936 352.204330 963.720035 337.597700
line 252.691861 391.084685 259.605513 387.295598
line 690.597907 430.901646 700.624163 431.883544
line 18.171876 447.210680 8.020719 448.628250
line 685.437650 203.145592 641.743225 199.897890
line 773.830545 439.021219 781.768138 426.805562
line 207.051814 197.548463 162.988698 193.283038
line 82.783040 205.632423 82.429852 189.362955
line 688.125000 258.125000 688.125000 226.875000
line 942.332154 388.009817 914.217554 378.595177
line 700.816040 401.379579 692.875597 403.389899
line 494.448168 448.048261 482.936744 437.072443
line 989.209272 448.130665 1021.963597 452.453732
line 891.839395 225.889865 900.623099 225.572401
line 427.818742 216.865008 425.371768 291.866738
line 607.856928 250.629897 608.222190 270.623224
line 406.817710 290.373058 420.702488 287.215766
line 580.111313 303.462107 567.946286 310.307401
line 753.918437 196.843368 756.743385 379.338338
line 473.039254 398.551873 491.786105 402.317549
line 683.190831 442.529105 718.178103 446.394320
line 864.850671 229.293514 843.806279 215.225768
line 325.768465 280.121844 312.044642 282.758115
line 609.423434 318.771356 590.684983 320.175489
line 790.596806 502.212064 890.631854 503.989164
line 891.878586 504.552519 926.914789 503.844793
line 643.809859 235.615888 643.646654 268.127619
line 902.107927 370.066001 921.214991 363.625265
line 668.107795 381.661453 653.104475 382.870252
line 683.140394 384.137303 698.158359 385.109884
line 624.789413 437.756143 634.903745 432.999241
line 0.624798 508.530764 498.125297 508.778810
line 37.034288 204.973477 0.386144 214.727569
line 210.625822 236.855682 233.138240 237.813959
line 241.956421 277.839837 265.643223 275.840946
line 140.875191 485.119072 153.983734 480.711371
line 358.708754 238.071785 357.601607 251.933037
line 922.120622 368.656970 946.533358 357.385069
line 724.447700 441.428668 688.142879 435.515231
line 804.842929 452.090457 801.289447 439.191948
line 530.522031 222.222193 545.751622 220.485189
line 542.955075 223.118407 542.226750 241.888649
line 613.408745 349.591449 599.665086 345.818350
line 426.961338 425.167090 465.794955 420.934216
line 110.841341 115.786936 81.208989 121.457974
line 89.367240 149.658208 109.381025 149.714006
line 472.144456 217.847546 465.441519 216.665088
line 124.332670 234.819479 149.394836 233.502475
line 21.863297 254.894847 35.662585 255.205511
line 615.555206 362.139348 598.821535 357.721274
line 591.994830 377.762791 574.730261 372.051154
line 783.911763 422.579867 799.406922 409.412566
line 476.436911 432.246004 472.954007 439.868054
line 653.146454 441.232283 678.160308 442.067232
line 796.315822 443.439679 792.113836 452.664401
line 726.681021 467.413166 690.450575 463.482907
line 1021.914469 494.947209 964.343498 498.918303
line 62.078208 125.734918 53.306642 129.037296
line 719.803663 377.429813 702.797627 390.569142
line 566.948364 395.458722 583.443367 402.736527
line 505.507971 455.349819 510.756457 455.625899
line 713.129321 476.707110 724.468329 476.998960
line 716.874300 483.433515 740.627013 483.487370
line 614.056699 213.134098 614.414712 225.659593
line 235.780181 299.195618 205.510219 303.583110
line 1022.284916 306.005040 1013.752766 308.150669
line 861.645858 362.696558 877.933591 360.472945
line 588.788381 399.721594 567.637973 391.950536
line 473.475812 443.937104 483.377728 451.869831
line 259.482215 211.440469 278.319120 216.088256
line 518.486366 226.365950 530.060952 222.947738
line 36.893863 259.849684 21.872343 259.484221
line 42.240592 290.641403 41.730298 263.127684
line 571.765654 297.458157 504.294051 284.806711
line 990.628030 384.374291 986.617517 367.227592
line 715.935187 385.845243 724.178513 374.235488
line 664.716637 259.396818 665.839852 241.808892
line 413.147246 333.058759 424.011538 336.707287
line 288.363207 375.311354 303.497257 365.518518
line 490.601932 401.695075 510.619576 402.126601
line 250.414621 475.999578 237.709902 468.864081
line 799.396235 472.073645 828.217746 468.992578
line 748.332196 476.892871 756.906487 477.177936
line 290.512733 216.047014 264.444888 209.112290
line 682.007710 309.392337 682.289969 286.880203
line 909.538411 380.134985 941.037113 390.639208
line 856.895806 399.227496 840.444180 396.906908
line 508.389416 446.411325 530.869470 438.852011
line 551.858428 445.338929 583.099195 445.876018
line 651.821565 480.379602 679.442882 481.848790
line 236.966900 487.709873 219.404509 489.643075
line 612.162539 225.612524 611.724902 259.373054
line 574.105311 374.929527 589.185896 382.263830
line 790.618135 409.444592 776.756410 408.077106
line 904.407316 413.543805 891.789537 414.517411
line 769.798276 409.271619 774.689578 429.298167
line 435.293439 292.930542 448.163395 293.818513
line 304.097869 365.272512 320.213784 352.601966
line 649.509596 418.202383 650.144168 406.848127
line 906.932541 433.857214 891.978310 432.195361
line 523.616296 438.052856 513.321792 442.346799
line 639.368195 439.313507 615.632226 441.940293
line 999.593959 484.190125 1021.921309 479.600272
line 665.682774 236.877089 666.361456 218.106432
line 119.922554 450.641256 119.690593 440.617697
line 952.723906 475.947351 951.175721 468.017480
line 175.577453 494.981995 264.212533 488.427872
line 500.624125 241.875029 501.454849 266.847394
line 344.229738 273.899251 325.333112 279.669036
line 568.509687 304.073697 582.059283 298.579471
line 940.362054 357.373782 922.433439 363.649255
line 878.087830 371.205386 855.600010 369.765203
line 533.622934 415.559069 513.231625 407.843213
line 401.702765 422.291877 415.563103 423.724036
line 176.671815 457.470876 207.339658 467.928157
line 28.132330 469.826149 79.368806 468.993726
line 834.311393 479.345864 855.632987 478.285620
line 902.956892 224.045102 918.051997 222.438915
line 507.390288 231.858173 506.674300 263.120403
line 621.313925 276.916070 620.026439 259.327315
line 751.596415 374.394454 751.262191 348.132799
line 654.358491 375.332362 664.467354 374.762087
line 884.627777 386.201484 900.555861 379.217321
line 260.637846 501.337000 376.881267 504.112532
line 156.725639 154.951941 85.420352 160.490107
line 496.653971 267.068213 494.231865 232.957645
line 546.131714 327.558757 554.560670 321.312286
line 801.324363 460.381769 804.708671 452.720233
line 110.565538 148.680433 133.174039 148.259611
line 89.439423 186.820881 146.974469 183.721439
line 904.634950 437.909743 1010.652805 456.718271
line 130.608028 442.086202 149.355498 442.303959
line 735.986036 447.104353 767.297611 458.180281
line 386.979040 456.995733 396.524864 452.398041
line 216.926018 467.313262 209.239160 468.208093
line 41.867800 482.750542 68.136582 482.966563
line 657.923129 235.636456 656.999944 219.367910
line 615.846125 229.383435 614.415879 266.876559
line 528.277259 274.511403 511.989920 272.284488
line 975.609891 319.819126 986.889361 320.202860
line 856.801163 345.757853 884.180565 360.974840
line 545.632384 372.144992 559.372107 371.769220
line 413.134669 373.500449 429.376659 373.403837
line 454.793558 390.103945 470.253025 381.227181
line 393.403000 393.093978 403.169407 385.683524
line 621.809391 443.685900 649.534118 441.046246
line 718.210077 447.297423 734.417296 448.963576
line 826.835667 465.250357 808.030478 467.224695
line 160.630368 193.396687 145.617103 193.314317
line 308.994703 241.822847 307.602484 251.974766
line 320.221136 352.080682 326.370157 348.506475
line 869.457872 358.441370 847.733891 364.131921
line 510.446902 410.946488 521.277811 416.946599
line 564.381387 470.482421 580.598840 471.208938
line 539.569358 240.629984 538.799771 270.642303
line 398.097213 276.441533 411.916285 276.911795
line 549.176901 337.809783 536.837122 345.564729
line 848.115847 372.360448 878.128746 372.926309
line 889.383381 390.641965 908.426196 381.234702
line 531.833229 435.585934 537.867338 429.134023
line 383.323993 439.258050 382.213302 425.496806
line 1022.008374 448.629960 1004.184491 445.439201
line 640.799253 475.349112 633.688594 467.496556
line 831.893349 499.104718 745.616684 493.247497
line 751.590114 138.084216 754.187194 199.541405
line 151.865844 237.440508 120.604717 237.858680
line 536.020872 269.389907 537.150691 239.385381
line 13.169386 303.361092 0.188193 305.801574
line 345.567608 304.772295 330.520466 302.598640
line 514.369426 398.271855 495.619904 398.366599
line 819.264144 416.137351 859.283841 424.796316
line 921.781528 418.170405 926.904929 428.717658
line 538.435084 424.931326 533.850411 417.185498
line 397.702634 453.360186 410.574232 448.003021
line 695.472427 466.557393 716.965104 470.074359
line 926.670007 475.098208 907.610441 482.514940
line 987.063636 320.104583 1021.991087 311.073988
line 636.869929 354.287353 650.646136 353.490312
line 984.432297 367.265927 955.569493 371.496288
line 265.678257 384.489533 277.867669 378.821587
line 917.290908 402.747235 906.246554 411.416811
line 646.355527 402.335094 642.709797 418.028545
line 619.916502 411.876871 637.457590 421.804270
line 44.461777 162.138357 58.351285 157.561750
line 829.923737 178.097321 830.555824 190.628489
line 411.877485 273.256817 398.108812 273.516425
line 588.075859 306.464445 659.447149 310.642519
line 995.207118 360.514804 1023.164804 380.026921
line 666.909401 418.965897 650.584448 419.633756
line 528.172615 480.043431 544.416073 481.373343
line 508.151302 487.193465 531.535327 485.262198
line 793.284251 180.622031 793.564283 195.640117
line 423.842204 285.647344 425.478634 233.120440
line 605.824167 261.863441 604.012430 230.646042
line 737.155595 340.237028 721.964943 329.250637
line 58.269529 350.301164 66.496575 353.972912
line 534.751123 397.575126 551.979555 388.319621
line 659.225247 403.125446 659.229808 391.874434
line 519.445731 400.940261 528.310409 398.951398
line 693.394073 410.024038 676.874071 416.872758
line 484.647548 425.938406 477.282348 432.343415
line 767.974106 455.972446 742.235720 444.794412
line 194.789586 459.795477 173.790513 449.293727
line 269.636850 457.237602 260.326188 463.961214
line 388.128592 471.776471 401.860338 472.277139
line 580.520849 279.295628 529.342323 274.742278
line 311.808604 319.593356 331.937015 320.503521
line 858.291683 442.643363 895.401153 434.593124
line 260.717236 462.706820 248.095217 464.106402
line 25.638127 485.395432 8.128415 485.240086
line 645.634211 506.318740 546.869895 504.683276
line 70.697847 153.647583 88.206123 151.206952
line 184.161201 159.019500 169.123947 155.425363
line 522.636508 211.168596 512.683882 202.224872
line 653.066556 266.878909 652.145530 253.106908
line 1022.008292 387.945434 976.244228 353.974753
line 435.600164 409.333328 417.739424 419.978042
line 860.602768 423.210205 823.050129 413.411951
line 372.734033 412.905986 392.706073 420.479716
line 1009.535940 453.561334 916.949547 435.248113
line 356.639431 448.667222 381.391812 440.428924
line 444.258066 361.264768 464.274781 364.923320
line 628.143745 370.588173 641.591027 377.432900
line 917.958808 375.191404 909.076390 378.595923
line 233.442542 417.319913 223.935477 413.570140
line 147.997897 183.423144 215.963406 189.003149
line 107.491846 201.867605 107.941508 239.377200
line 550.194301 385.970394 532.763813 394.921674
line 224.732571 413.219146 215.939761 415.558218
line 635.067824 425.486167 609.557059 412.760045
line 577.716317 365.980901 589.477080 368.973880
line 400.348546 418.871468 375.107133 409.523320
line 838.083106 474.034574 813.133344 474.691780
line 654.541823 218.112380 655.959291 236.849711
line 504.079369 311.459084 527.178459 314.735729
line 651.202653 437.361781 640.440939 429.216636
line 875.471271 435.020186 845.799612 442.561975
line 428.989226 442.699169 471.641213 450.631990
line 424.375406 214.335970 341.884334 213.477772
line 586.135122 216.864958 585.354623 274.371330
line 612.981601 271.883357 613.198770 243.125557
line 0.580457 310.492906 35.791749 298.619505
line 284.395060 361.159934 330.100793 328.638282
line 737.827982 446.499420 722.856947 441.414147
line 930.216126 231.919650 955.678402 223.282427
line 624.941547 240.650962 625.192116 223.118813
line 364.424511 293.651687 343.103285 292.192234
line 431.947401 377.240559 460.803340 371.525447
line 795.467273 414.050311 815.730786 417.504407
line 790.628364 506.333907 646.883919 505.440302
line 733.141725 407.779391 766.933571 409.414688
line 299.324542 418.311050 279.431700 412.915937
line 472.929225 448.893719 439.142236 440.288957
line 247.014627 464.055184 214.466793 465.380056
line 625.053903 243.089702 623.120234 274.374705
line 966.468645 266.889386 965.538903 240.628048
line 636.894662 249.374984 636.916141 275.624966
line 566.954186 367.238026 553.308138 370.214596
line 824.126516 395.112120 834.187382 390.237750
line 763.143884 406.397360 734.389409 405.260546
line 121.725762 471.132970 143.136532 469.528928
line 1022.277579 215.729161 996.917639 223.268424
line 936.870292 233.813559 959.379191 233.624810
line 564.146927 238.219063 562.767347 253.207136
line 455.615833 329.429063 466.963489 331.353106
line 559.124050 390.365403 574.058573 375.300493
line 819.405653 414.192608 800.762089 411.059305
line 639.440462 417.973359 622.559104 410.685893
line 774.366589 426.869525 765.675590 440.221569
line 356.000210 373.680350 330.790185 385.020943
line 682.878646 419.723632 694.659172 412.327636
line 31.987469 445.054539 16.962054 445.586031
line 902.673556 381.022656 887.857514 388.869976
line 145.627201 440.598709 131.868982 439.446883
line 527.705632 451.889084 536.330272 457.685513
line 829.311315 306.741190 799.031179 321.152589
line 771.501108 403.616774 785.981268 396.333290
line 547.253553 401.951732 535.603142 398.192745
line 528.402408 399.915847 544.192123 406.092499
line 363.992503 207.209803 352.917243 194.556852
line 891.285530 414.510097 874.323969 404.461135
line 695.652743 181.542834 668.135892 179.244594
line 236.973213 190.304531 300.852885 209.881409
line 540.971242 251.866785 540.496967 231.878038
line 495.023502 307.330237 504.164705 310.229393
line 369.554494 354.323812 390.704666 351.157077
line 624.776247 356.222206 616.715686 361.637881
line 575.644460 402.376367 555.626101 403.153355
line 452.060272 428.042693 494.483931 421.311550
line 669.391036 181.646475 695.599698 183.485568
line 308.126143 449.277712 355.627335 449.230620
line 45.619265 464.741473 69.376378 464.587256
line 954.410899 492.476534 981.887638 490.836761
line 590.515890 40.755991 606.133373 53.764677
line 564.095042 225.609182 563.457442 236.893784
line 968.123405 299.353530 950.627127 300.653628
line 276.267412 379.260547 287.468361 372.923843
line 646.872256 423.933836 669.379160 423.793866
line 414.385947 466.697341 389.327045 465.153262
line 510.727964 494.316534 480.521457 496.926762
line 40.665651 236.874600 40.444119 214.364478
line 899.665028 277.246551 894.132906 281.564857
line 278.249665 301.041827 303.599132 293.460302
line 621.871874 382.374387 634.371384 382.452634
line 649.882030 384.677954 656.454526 400.796453
line 554.345666 406.592720 578.227460 404.110975
line 700.599027 173.935116 621.855173 174.630799
line 985.854660 211.034734 1001.417554 203.437878
line 813.185239 375.920670 830.721347 372.347896
line 833.406609 387.467858 817.241402 395.146369
line 779.239671 411.656913 788.002886 412.806151
line 493.087777 417.941735 455.854357 425.504224
line 148.127944 267.576045 113.123312 267.723048
line 566.627165 315.566992 561.374668 338.007893
line 369.743686 390.468471 391.095149 383.269397
line 759.373829 400.655399 738.107240 399.835841
line 189.425314 412.246937 204.321813 410.231823
line 873.657750 406.326871 882.548486 414.968157
line 575.102622 436.805463 551.078724 426.174414
line 285.519351 482.102474 267.948621 483.917906
line 244.297949 268.004146 263.128975 266.945722
line 883.123898 271.927555 853.110883 271.298018
line 691.601891 298.330576 707.085763 312.813254
line 745.949016 388.919935 760.627581 399.371375
line 1005.703952 422.749828 984.372062 438.120923
line 895.313801 437.220895 850.464381 452.658363
line 851.946469 454.622142 905.885003 439.024098
line 100.625000 246.875000 100.625000 284.375000
line 512.082226 321.434360 490.829740 311.439646
line 389.402274 348.257076 368.526217 352.567954
line 424.641795 404.737847 415.168126 411.703669
line 604.443236 413.007416 630.049312 427.867025
line 362.237200 438.299858 334.317087 445.397175
line 213.276247 462.256958 193.020015 458.727537
line 965.914842 222.691005 983.120295 225.652334
line 674.776711 268.208267 672.310385 243.082263
line 458.129400 369.394809 430.864143 375.451538
line 435.844942 379.488749 431.219473 388.432447
line 521.117814 396.763130 518.296813 384.335998
line 413.628456 429.064757 418.698301 437.292000
line 590.769303 244.421053 589.829454 221.856072
line 582.365371 266.880708 582.918361 219.372595
line 623.170426 259.373491 622.589540 241.892793
line 567.289140 335.740516 572.916219 315.566765
line 411.500940 419.220926 427.512878 406.423077
line 762.047930 464.269166 749.457684 466.172064
line 918.161098 462.329247 876.972536 465.602380
line 930.574300 221.937091 941.897390 221.701610
line 985.574668 392.349002 968.007282 390.483613
line 766.601461 399.177523 752.795201 389.863885
line 623.264691 428.992762 598.111617 433.041867
line 699.444555 433.993818 713.192965 436.502532
line 41.828866 446.708176 63.174815 440.805136
line 338.133509 484.826563 371.866357 485.186041
line 479.455055 496.993507 464.287591 497.880777
line 350.516215 235.907363 325.392658 226.228067
line 381.816899 275.566461 371.149747 286.153707
line 412.196000 383.593822 426.786867 389.589479
line 941.637423 402.754368 924.122698 413.981397
line 383.315591 426.489581 400.792937 422.636813
line 928.982795 430.156184 947.967882 439.687944
line 714.434926 437.543682 754.560750 433.947685
line 116.738613 441.854025 115.178511 451.998570
line 348.115380 467.336650 390.624304 466.817950
line 931.715819 480.582250 939.668298 481.097412
line 842.871903 217.005783 835.263308 214.058836
line 306.864252 229.532684 296.910495 228.854242
line 701.844650 368.308239 718.063785 370.994591
line 480.640462 488.400878 508.194027 486.856635
line 105.619712 283.375881 150.618451 283.137705
line 500.126285 303.185125 473.873750 293.191786
line -0.041751 362.049382 39.968250 380.778016
line 377.885142 362.368763 394.991691 370.678707
line 483.275980 373.811335 503.186739 379.144506
line 926.888158 375.696357 955.584371 370.404676
line 415.010753 411.876849 405.474777 416.569747
line 358.264137 458.489117 381.905639 449.455181
line 938.283491 226.553791 901.772049 229.209728
line 591.997266 275.632352 592.158029 245.626516
line 189.305293 253.978062 200.582138 254.899535
line 834.346892 300.625188 834.522568 326.874012
line 391.874793 373.122861 406.855532 371.673747
line 123.518381 397.583582 128.826367 394.636768
line 507.816824 484.752890 490.572262 470.689668
line 589.458592 36.253293 565.468024 39.445133
line 996.974223 225.974887 1022.081933 218.854701
line 497.126353 418.583345 509.898328 411.579295
line 550.367281 431.343145 565.642916 436.825077
line 878.159944 467.656473 923.181713 465.643294
line 523.546381 188.721326 534.240669 184.066386
line 463.430299 219.383021 462.247923 264.384798
line 294.389986 260.561625 304.700228 262.999610
line 37.800138 300.940087 0.464596 313.913377
line 820.499804 371.512433 793.229910 380.928821
line 959.330964 367.839638 925.423927 373.071991
line 227.130820 385.750954 170.963151 396.193774
line 374.649543 409.084694 360.562640 395.762713
line 365.391111 407.277667 376.517528 413.740431
line 390.539612 421.125528 380.527162 422.266251
line 587.932935 469.133955 575.410799 466.750239
line 976.883802 478.451806 951.834639 479.126486
line 150.799675 488.609680 168.989143 482.054342
line 304.450186 498.078288 266.786897 495.894498
line 502.070893 224.209422 475.465490 220.527666
line 938.002126 340.891267 921.848022 342.909013
line 594.364166 435.381907 611.940674 434.598543
line 753.148769 460.845212 732.010115 463.126817
line 631.935665 468.156110 627.849321 476.124642
line 520.802070 233.129621 519.823184 270.636697
line 105.706856 271.996636 119.408060 271.178982
line 314.492048 276.878129 315.995491 220.634904
line 893.316101 431.211154 896.643384 423.030793
line 851.786019 356.618952 843.203697 359.601454
line 277.168437 415.554317 297.021555 419.965395
line 926.621837 428.494713 907.976051 433.857081
circle 868.614336 134.118342 -1.905413 -1.905413 0.000000 0.254751 5.964152
line 567.738673 376.544436 559.100339 386.639985
line 640.634548 479.259821 650.669212 480.091669
line 976.964079 480.570120 980.228691 485.869157
line 435.659316 215.315014 459.395193 217.942589
line 663.587993 213.089189 664.007011 233.132693
line 805.883670 314.889660 823.365380 306.103268
line 869.348355 344.976188 883.126452 344.410365
line 384.233998 380.302369 368.296593 387.267627
line 643.671138 442.756611 651.811462 454.824692
line 754.867979 478.518224 765.700760 480.109135
line 219.470566 489.315905 196.915196 491.125903
line 618.123311 489.408779 538.135741 485.410134
line 573.865685 220.535122 571.650938 233.085460
line 511.917213 241.874588 512.112615 261.872678
line 656.954427 310.060026 674.424992 309.342910
line 171.866294 395.453246 153.164346 396.401223
line 754.513130 430.879237 719.350493 434.108122
line 1015.559239 471.733001 998.289697 479.730635
line 663.119154 179.149312 633.106913 179.926785
line 697.542776 319.405296 692.678081 312.443461
line 908.130502 414.353196 920.771807 417.543244
line 535.990247 470.968977 524.579076 466.368774
ellipse 611.622235 1631.730458 672.379043 14.848804 -1.562714 4.624023 4.834393
line 34.912952 137.930155 0.308947 154.983685
line 244.494899 231.474449 227.060381 226.255692
line 645.655886 216.997129 643.991086 234.457579
line 120.908038 239.340888 112.037935 237.385783
line 133.122543 271.135145 148.134237 271.207457
line 634.814020 275.640691 635.886476 245.634345
line 534.432474 330.806895 546.156891 327.102305
line 588.354080 382.506180 591.769343 390.669205
line 664.952556 453.964363 657.121342 442.949853
line 210.617799 474.036270 245.601987 473.292527
line 595.539135 186.986169 611.159588 199.051233
line 413.243502 193.733247 394.254806 192.543766
line 105.365400 225.621378 105.731593 199.376487
line 482.077972 313.929794 494.786020 319.723453
line 593.977648 376.343128 604.810841 382.337312
line 427.168607 419.722415 438.774308 409.914222
line 518.319750 416.708887 526.942137 426.817735
line 468.164478 160.665904 463.054850 165.597454
line 459.712706 169.698065 451.133713 178.665851
line 716.938229 368.137756 691.875922 366.856960
line 334.316820 389.421315 343.677566 401.180197
line 908.444847 441.194162 928.196349 450.473123
line 518.125130 508.076459 738.123547 508.666669
line 629.784656 250.639447 630.974938 216.887341
line 962.480429 329.952820 984.011271 352.269955
line 732.944401 362.102999 748.245406 374.222993
line 515.193647 407.422409 519.240251 401.370741
line 738.119970 401.938087 761.918010 403.835583
line 191.680428 425.109516 207.968868 418.961356
line 925.624725 486.704114 973.124602 486.627696
line 894.412993 186.232756 871.844903 187.643554
line 300.046706 210.481095 311.657560 216.076226
line 764.634751 416.050122 755.482677 421.642066
line 143.196147 470.846417 155.550575 471.700976
line 99.350325 493.627892 34.384063 490.440284
line 564.413710 63.339607 608.095325 55.460482
line 248.282796 173.492372 258.085072 169.282042
line 981.496132 222.158729 1022.113390 206.232994
line 426.974078 291.878549 429.660532 216.885229
line 634.627672 234.382529 635.185890 215.649163
line 239.770952 381.481809 283.991998 361.046213
line 1000.475646 440.666528 1000.714678 434.331221
line 758.128607 472.790088 714.370220 472.318758
line 272.016702 479.642736 279.373447 472.896903
line 626.875000 263.125000 626.875000 241.875000
line 963.132576 291.957783 944.311423 293.680333
line 374.424920 447.051317 358.070277 451.681719
line 578.309612 261.916475 577.384534 238.153826
line 857.023232 379.566183 849.312618 385.544542
line 331.679931 485.086750 297.738700 475.784498
line 330.635387 324.134764 314.307819 323.428838
line 164.249688 155.199236 154.584159 155.922016
line 356.778865 301.388911 331.858914 298.252825
line 985.158540 351.210030 995.394737 360.784821
line 468.157557 362.409681 455.626623 361.839344
line 149.367404 413.363024 119.358075 412.405359
line 935.089217 419.268422 943.854646 407.729711
line 55.697049 21.369278 14.590251 25.348579
line 673.698126 238.182973 672.981950 214.379304
line 621.474955 223.128406 621.602649 238.127319
line 503.712908 409.433263 490.552614 416.744709
line 1000.409920 432.839492 1018.379064 419.302941
line 672.641929 473.346053 673.784256 462.923257
line 887.635320 254.447204 885.364224 239.044824
line 8.021479 247.401546 28.146017 244.521875
line 519.903466 342.461904 524.196302 353.975568
line 53.825666 131.473188 35.445657 137.585726
line 0.160717 151.010112 9.557846 145.965615
line 514.771857 358.249229 525.170290 361.914884
line 515.484327 384.345424 515.819135 396.903151
line 943.201235 451.736225 933.842195 446.594894
line 415.434765 478.518381 405.370448 473.651380
line 659.379280 503.303993 789.364746 500.196141
line 590.557574 183.995752 566.889008 188.203788
line 545.738246 243.132412 544.429483 263.128566
line 609.354913 268.124556 609.962598 240.610370
line 153.668133 286.585556 155.533200 298.139818
line 413.384370 362.354382 400.575972 369.284385
line 656.721543 454.459963 662.425544 464.762263
line 17.902416 141.343386 42.735924 130.945739
line 295.379968 167.231294 326.252253 188.462931
line 60.470348 413.824922 88.006947 419.909285
line 540.727860 421.765519 550.365734 430.820489
line 454.419945 479.704745 416.826469 477.868680
line 887.883412 269.295671 886.710658 254.387928
line 1022.148331 314.120643 992.860350 322.160979
line 923.042158 344.998160 939.337936 342.844548
line 115.689497 396.476614 64.170863 388.135909
line 100.414889 419.223272 54.182993 410.378641
line 364.504532 469.810702 340.975998 476.805636
line 835.964065 203.765072 849.122176 211.079794
line 594.017336 216.883866 594.272384 263.132459
line 828.537252 367.640130 840.312756 361.295483
line 929.856666 394.602548 925.082151 404.709072
line 80.431435 481.088247 95.445247 477.394389
line 717.566778 348.617435 728.740010 358.820377
line 193.137109 410.771227 153.101124 414.086688
line 343.117522 427.345988 369.380748 427.763003
line 1022.892179 470.933575 1015.245901 472.849921
line 293.602560 37.071590 327.709648 52.533918
line 955.656247 168.945420 930.606935 167.123360
line 39.868004 176.272235 59.338836 192.197512
line 631.698265 218.137884 633.433669 241.943622
line 295.239942 262.227243 306.719106 273.286809
line 930.438600 406.814294 933.502923 397.405175
line 370.597980 423.860880 329.357683 422.346616
line 951.254251 439.071537 938.200099 430.510487
line 581.844342 347.873484 593.380044 346.467362
line 661.875000 236.875000 661.875000 216.875000
line 523.447939 239.354300 525.054089 264.411595
line 270.494360 390.444652 281.209954 382.682528
line 179.333718 160.612411 172.873176 181.798207
line 923.163860 185.589541 896.900751 186.429837
line 342.900553 326.647143 325.894546 343.398641
line 371.880299 344.925902 388.128796 344.769597
line 408.008850 469.424985 434.374807 466.873008
line 870.632681 494.232372 774.325393 489.046206
line 814.786298 323.874894 828.518791 316.342975
line 288.195134 375.756434 259.586792 391.021909
line 377.883080 400.409642 387.338702 389.787790
line 437.314869 192.199090 465.338615 154.163995
line 246.585967 299.029654 310.591707 319.479206
line 829.179680 319.042180 816.608005 326.420049
line 676.928429 374.509676 687.282439 370.402016
line 349.348600 388.504512 369.425355 389.901129
line 300.556256 410.964892 324.344442 415.776088
line 205.691701 417.256737 193.562031 419.376167
line 155.462584 474.091243 139.450197 483.256376
line 922.426530 195.697559 920.627098 209.375276
line 598.250366 273.090623 597.469770 241.860134
line 323.991982 414.315836 295.386874 405.115356
line 970.701251 418.479969 938.094742 425.484142
line 406.919293 204.273531 390.786824 197.231451
line 589.730448 248.105938 590.669837 265.622595
line 56.027598 411.681458 39.333049 407.025419
line 871.566389 243.096018 872.337683 268.149239
line 530.591137 335.405114 514.341515 337.907564
line 688.121434 370.131587 704.371073 370.208179
line 231.911946 413.365871 248.163067 410.873178
line 302.977323 424.989755 265.194512 433.773217
line 521.875000 264.375000 521.875000 236.875000
line 701.084768 333.805032 691.885973 323.115557
line 671.119093 139.249138 668.587745 154.452049
line 638.905008 219.298287 636.654083 233.088942
line 329.908372 470.069294 359.032106 458.511001
line 757.350329 374.774864 761.722062 383.244375
line 1000.656435 409.441360 1013.283572 403.459744
line 376.512245 440.541097 340.978945 429.487223
line 625.606381 180.405284 598.092106 182.736822
line 832.997412 190.631255 832.202724 174.420211
line 969.519921 315.973934 960.286083 319.808969
line 711.648691 413.919680 734.411349 410.898902
line 84.688755 484.219611 120.835306 473.858705
line 633.125306 181.962835 663.124943 181.858492
line 732.969267 375.904804 759.916088 390.902831
line 860.935934 182.847093 849.729148 170.308469
line 461.193145 155.147945 439.120228 186.696750
line 641.306359 241.901957 642.048962 223.131882
line 640.513366 271.883557 638.498310 245.596384
line 336.692057 366.793036 356.786460 369.940305
line 362.542976 450.433111 333.275221 462.247154
line 661.910911 465.613477 664.442866 473.504315
line 489.834128 472.371525 486.625642 483.415700
line 387.028655 202.012696 366.870025 200.701489
line 796.864541 293.085036 809.481755 289.782901
line 40.649377 24.720438 58.150435 23.485428
line 881.079508 210.305933 870.724425 195.555203
line 454.494165 188.257216 486.103011 159.768463
line 305.764349 275.001422 295.970911 277.179991
line 942.927942 321.914579 940.176398 308.215102
line 788.022112 168.113467 787.733084 139.366373
line 343.308090 383.496776 358.863421 375.836203
line 226.883891 403.165699 195.754082 409.965910
line 296.632877 430.154945 319.385857 426.952130
line 272.126847 439.994420 295.996728 430.289266
line 696.004223 422.556093 712.127668 413.578798
line 38.309392 448.512254 73.313394 455.993529
line 977.776510 463.864371 964.115530 457.425503
line 563.602741 59.703145 551.195875 53.273432
line 680.625000 285.625000 680.625000 305.625000
line 388.124920 342.974020 371.874924 342.982674
line 724.438181 407.575389 706.855738 409.161470
line 364.385204 487.970036 358.928353 492.785378
line 350.886226 192.849694 324.556375 167.866472
line 558.036045 302.860546 576.768829 296.559365
line 81.757953 433.008865 55.529376 430.301331
line 682.961574 103.686811 696.672684 75.526493
line 677.542398 108.996173 674.363834 124.372692
line 941.908210 429.517799 963.171011 424.572843
line 856.895553 461.929443 877.973037 453.972462
line 912.152357 485.066674 923.571219 480.487783
line 881.513218 405.085266 896.456425 412.696763
line 859.466160 481.360419 840.694695 483.687256
line 316.779219 39.713052 304.552426 36.248790
line 945.865109 250.556645 946.439936 263.087617
line 317.499754 233.112074 316.698491 271.871351
line 760.655294 485.933244 734.413069 488.512350
line 313.815022 219.367266 313.469570 244.379759
line 462.183993 452.767870 420.782118 444.807799
line 966.421325 469.109922 961.563776 477.423517
line 692.904094 73.734442 679.073411 105.493663
line 561.699782 177.277929 616.674619 165.906283
line 490.551640 210.714317 499.588641 218.136787
line 818.223708 242.424726 796.869401 239.414718
line 349.292688 373.072745 384.299167 375.478466
line 966.879374 396.890780 942.893471 403.539769
line 333.126041 444.972009 301.874128 444.922182
line 962.478611 459.152978 965.760403 468.075196
line 69.296462 483.727313 80.383442 482.382916
line 1016.796406 487.601063 995.647287 490.773573
line 331.275851 51.552090 316.136366 41.767922
line 628.067797 91.518878 574.299587 100.155512
line 383.135241 372.661790 356.870443 372.081097
line 411.924247 447.956595 443.884392 457.302695
line 217.281666 487.926259 211.638728 476.379584
line 600.662958 369.913203 626.971460 371.316171
line 701.138377 410.994380 688.862806 421.262681
line 853.022182 456.417122 830.533396 461.467063
line 565.567966 54.013854 598.047539 48.884509
line 443.930229 457.660085 459.038351 466.219233
line 985.204490 476.452978 978.619211 463.509525
line 956.432525 266.908345 954.048477 235.272808
line 482.288538 147.340414 475.071978 153.752605
line 963.381942 384.055950 980.604963 379.302403
line 405.543554 387.017876 415.779987 392.853115
line 33.123379 505.561517 0.612655 506.391404
line 547.864931 181.325093 556.948024 177.029407
line 869.174215 197.262885 855.579374 200.429094
line 295.255331 317.923695 245.294585 300.312338
line 80.767447 451.336847 53.522020 444.125091
line 353.159590 493.624237 266.862412 489.648207
line 945.621204 16.674570 811.848163 19.207879
line 594.254108 46.234377 569.430454 50.918856
line 928.714675 165.759422 926.153312 176.995434
line 88.517930 220.634437 89.269447 189.342445
line 584.373113 411.880845 603.546526 418.068924
line 880.573242 451.580050 853.256367 456.373617
line 38.224652 453.395059 0.347115 467.371927
line 258.202212 484.891411 238.091112 487.898352
line 815.540152 24.179109 876.872360 20.580007
line 672.768357 143.031681 682.898743 104.315798
line 388.135365 186.873204 383.608785 160.757808
line 901.843793 188.537938 915.703569 189.585368
line 828.004661 225.978938 800.687534 216.691077
line 1009.495610 402.117498 996.982473 408.341086
line 739.442486 409.898087 723.101236 408.380969
line 903.029780 410.778141 893.015336 404.551372
line 480.721784 462.951490 465.137274 454.258430
line 681.878375 91.778851 629.375571 91.647224
line 568.140973 101.919625 530.537095 115.379411
line 501.213092 121.864651 537.859204 102.618894
line 614.202951 136.072191 565.544650 146.500075
line 0.194466 205.476385 35.679788 194.552983
line 628.501347 219.364849 628.327093 234.362825
line 944.605336 407.450381 967.662665 398.220084
line 301.614236 444.187033 286.888185 440.571299
line 255.378740 459.180333 265.432995 446.461336
line 14.457045 468.273640 38.907375 454.777806
line 295.270649 220.614161 294.123475 258.117306
line 556.851750 412.158851 583.116621 411.526806
line 810.743624 146.684186 790.713785 134.232184
line 416.074549 166.968050 411.702756 188.089348
line 90.961177 462.330487 104.417636 468.024235
line 335.891170 474.154578 313.589094 479.920177
line 563.008923 147.796046 544.373846 154.371729
line 486.546123 159.055321 470.530079 153.393512
line 995.848077 268.722004 1014.550541 275.111152
line 754.240854 469.554110 764.502440 470.517333
line 100.728905 482.384672 76.947942 487.232792
line 513.079591 111.811175 481.113162 134.554200
line 677.843285 305.627679 677.652962 285.617601
line 566.696562 148.556954 608.155254 139.513699
line 568.084346 190.408307 589.291445 186.429636
line 796.760061 209.690372 826.861822 220.661158
line 663.102283 350.179300 653.064647 350.690920
line 760.743931 389.184246 737.468733 374.672706
line 51.493944 188.645212 39.783509 180.067309
line 968.125000 245.625000 968.125000 266.875000
line 363.141386 88.456216 338.314926 54.237205
line 474.280696 144.260292 500.368420 122.812907
line 600.635032 184.516429 624.354358 182.833989
line 553.142852 213.262959 603.114874 206.796744
line 774.083095 163.057490 774.719711 195.667076
line 431.686937 219.367009 429.137418 279.364904
line 286.591479 442.988250 306.868059 448.152253
line 563.066270 94.085837 603.188346 85.936890
line 539.169472 102.512437 562.778147 94.591227
line 508.252816 156.546347 520.799648 161.425929
line 646.820748 161.670311 699.373814 164.397856
line 898.145811 236.717290 896.980601 245.798929
line 784.265896 23.976300 732.767555 38.068782
line 609.275044 139.673553 634.391796 137.034873
line 637.204392 371.659296 614.449066 366.545425
line 221.957420 409.643042 240.843556 403.835780
line 606.209245 417.240634 592.908064 408.453373
line 259.359091 438.113231 249.247956 451.781015
line 462.376979 480.342931 479.743873 471.336272
line 697.514531 75.115593 710.024423 60.123847
line 821.556308 177.238797 812.888155 169.645367
line 794.294399 242.590830 815.556328 244.984888
line 105.610494 465.647419 86.381767 453.205438
line 295.955910 473.137490 296.430587 460.561047
line 946.830581 183.858752 926.828213 182.647873
line 303.490867 36.595661 278.147101 30.532618
line 604.395026 83.218561 555.478160 93.688976
line 117.025293 477.376037 101.887546 481.916824
line 779.158449 29.071942 809.270188 24.873310
line 98.720019 70.283691 112.374636 94.088404
line 554.099768 93.755443 514.199799 111.480617
line 540.740488 128.437593 555.564374 122.960902
line 864.697111 260.605997 863.516981 240.601875
line 239.375000 475.625000 218.125000 475.625000
line 216.600018 478.333453 223.549425 487.500834
line 329.127137 421.516860 304.307192 414.618986
line 15.623719 442.090404 0.616817 442.001164
line 466.480159 489.659576 460.193025 480.936339
line 613.126453 84.427494 671.866051 82.801667
line 358.054197 95.183046 318.078898 101.587228
line 529.050931 243.109524 528.333407 258.134952
line 153.425654 455.244408 163.231263 462.990484
line 710.388651 59.003903 737.882048 41.493536
line 1021.884584 441.551578 1010.607445 441.217407
line 688.113159 494.220840 761.907851 488.552693
line 461.806043 144.765939 426.792964 138.590089
line 770.480567 135.644459 774.065465 162.253514
line 968.479951 174.528683 963.132892 186.878417
line 773.214664 193.145773 768.562471 213.226352
line 438.069364 228.713512 456.887525 230.492511
line 0.590458 445.059021 16.862087 445.880706
line 768.082135 31.652771 778.188346 29.703408
line 601.915953 86.339935 615.620984 85.554885
line 564.209385 119.905887 601.734229 111.263760
line 342.763967 166.203580 355.573668 183.163770
line 379.336681 477.729670 366.861758 477.170354
line 128.308375 484.782142 149.719050 475.138884
line 304.387540 485.448957 330.593610 487.315669
line 553.634220 170.645913 539.175041 162.218058
line 861.846512 209.024172 876.647413 207.822299
line 576.968339 406.252412 555.450727 409.453565
line 305.437259 417.523874 336.943118 426.639571
line 613.187506 159.687723 588.186908 164.684732
line 331.717989 194.043290 349.396836 195.323455
line 878.647932 198.657690 888.152780 205.586894
line 808.158915 21.425802 790.570424 20.097847
line 342.848678 64.992629 361.543920 93.778193
line 120.616462 202.569340 109.330711 202.742757
line 601.879129 53.173409 571.778262 55.740833
line 275.799830 167.800280 308.300643 185.298770
line 528.146153 459.515423 539.514773 457.802870
line 26.967888 30.297617 58.187297 39.155433
line 709.306903 54.310245 697.129090 67.116618
line 320.637046 103.198603 348.017422 98.717658
line 311.907031 321.747252 295.733580 317.691956
line 525.165474 459.068749 522.118971 453.550249
line 878.124998 20.625354 960.629177 21.036298
line 338.089285 157.500071 380.593334 155.070927
line 994.237932 422.674806 1021.843037 414.270018
line 118.630482 99.156022 106.168629 70.389496
line 316.940179 102.093000 284.362546 111.833345
line 630.596554 135.290864 615.598837 136.567682
line 312.175490 182.622594 287.154590 167.657539
line 234.519850 394.215071 225.916560 386.422960
line 1021.817729 410.464282 994.254325 420.286353
line 274.330446 33.292086 291.913475 37.980714
line 415.687464 135.194649 454.348705 140.806166
line 0.542749 164.892423 14.341473 167.085910
line 769.907237 214.167137 767.279164 223.242045
line 61.125627 40.969671 79.719642 51.251752
line 80.722822 51.778047 98.144390 69.355783
line 531.053206 115.415418 500.378122 132.686522
line 381.996106 162.004062 360.581935 163.884611
line 519.463694 309.127885 501.973580 302.850341
line 163.156611 456.956454 162.147141 441.856806
line 256.936722 27.304708 184.377254 21.845043
line 276.912398 30.339633 258.156885 27.881699
line 746.971978 100.725837 730.411236 116.652728
line 21.894246 170.493473 0.552492 167.370509
line 219.364813 478.613631 246.878915 479.187224
line 996.506752 223.413973 988.041706 226.657625
line 759.085876 366.225470 767.049804 378.006837
line 88.093667 439.204841 66.872687 443.112438
line 961.833983 21.180343 1021.967564 25.621739
line 103.125000 436.875000 125.625000 436.875000
line 631.832188 81.359971 605.555940 83.544222
line 367.551845 102.876325 362.654874 89.547726
line 279.450427 132.969815 261.854433 124.417315
line 895.915299 194.775142 908.256289 198.990649
line 748.049397 37.789287 763.397039 34.332982
line 1008.253439 101.382345 973.344922 92.281442
line 672.508758 123.131002 672.374731 109.370133
line 700.645513 147.810688 681.893802 146.586908
line 360.660516 158.427202 341.876155 160.634826
line 673.207455 299.382254 674.545759 284.170083
line 426.898962 377.019347 414.330312 379.105806
line 57.545485 387.362893 46.424102 395.819726
line 789.360682 486.200461 799.385577 486.449893
line 453.535789 483.012898 455.440643 489.993073
line 257.497236 125.138033 245.145585 120.713284
line 475.680285 129.061932 454.216658 125.271665
line 277.922586 136.034024 264.392996 129.338634
line 101.905302 163.111163 110.499546 181.932286
line 990.196890 367.441554 1014.333409 385.680040
line 179.379039 419.429327 154.331617 421.291450
line 205.600980 25.982246 228.167055 27.499528
line 229.428444 27.628505 266.897950 31.661794
line 674.379257 80.914788 633.130068 80.731914
line 296.766201 144.895123 279.303844 134.829817
line 411.864458 137.391990 380.627447 136.755023
line 768.918860 220.633984 769.460272 248.123321
line 176.874152 21.964429 146.864997 21.679858
line 1016.841986 31.774136 994.301957 39.151842
line 694.494449 84.945279 733.149046 91.738169
line 225.784977 112.251971 179.486224 103.768027
line 758.181397 206.816450 758.857333 221.898201
line 1021.906590 21.317342 946.864157 17.066416
line 603.103975 111.736481 621.802639 108.898269
line 245.100164 120.999875 228.634699 115.381306
line 360.587806 177.146044 383.102798 176.290626
line 763.327582 274.371952 762.293070 205.618709
line 70.630497 444.426314 95.611652 441.750393
line 14.451185 23.787401 0.609728 21.992791
line 388.113534 469.215386 370.614045 470.472505
line 731.785064 39.233465 709.532759 53.373270
line 579.307600 102.742533 608.046240 97.678073
line 638.119893 107.943829 660.637237 107.309131
line 756.300919 132.709990 772.892123 129.442522
line 170.501283 181.837963 176.510182 161.765787
line 761.900907 199.396997 761.383622 170.611367
line 145.632092 21.649760 100.625597 21.961236
line 178.154983 103.787067 129.404279 101.300873
line 291.106529 117.454731 313.054850 133.222646
line 583.126480 295.628748 559.590917 304.921829
line 420.642660 110.921550 396.877660 110.481370
line 769.312171 120.500319 794.272767 107.922126
line 814.124905 145.995418 825.848751 142.661932
line 412.381941 153.008893 426.789531 158.355323
line 770.235159 274.385757 771.063246 304.397398
line 960.625000 495.625000 985.625000 495.625000
line 150.637555 23.938914 204.378999 25.486112
line 928.131653 179.183132 949.399425 179.920585
line 503.175032 180.720070 492.768125 186.196874
line 841.853673 275.034813 876.898252 273.768449
line 93.114076 21.589861 63.110224 22.739312
line 1015.481768 348.337416 987.026583 329.150198
line 84.450922 46.732507 59.791336 33.593606
line 261.883240 101.858082 280.482915 110.916736
line 317.151096 139.064328 323.824212 144.994764
line 322.194272 326.085347 300.821507 340.908337
line 679.372713 31.703634 630.631393 32.354077
line 795.475735 107.713102 820.376566 98.689446
line 74.240224 112.600503 51.928633 118.333721
line 73.111935 437.950046 86.878508 436.921978
line 928.125000 496.875000 953.125000 496.875000
line 663.125000 96.875000 640.625000 96.875000
line 361.874828 186.871763 384.377710 185.676004
line 909.230438 198.130767 919.383841 196.951091
line 964.253836 423.926139 986.798223 417.840573
line 680.546046 479.070899 703.145355 473.203401
line 828.236137 191.731754 821.913038 186.825973
line 97.195213 59.047722 85.823815 47.921798
